
iter 0
3.79 0.94 2.85
4.24 1.40 2.84
5.56 2.74 2.82
5.07 3.20 1.87
3.91 4.22 -0.31
4.20 5.59 -1.39
5.93 6.02 -0.09
7.59 5.74 1.86
5.58 6.23 -0.65
6.34 6.10 0.24
6.62 7.06 -0.44
7.44 6.19 1.26
6.57 6.51 0.06
8.06 6.39 1.66
6.41 5.94 0.48
6.46 5.83 0.63
4.52 4.49 0.03
6.66 4.14 2.52
2.86 2.67 0.19
4.90 0.34 4.57
1.13 -0.39 1.51
0.84 -0.26 1.10
1.80 -1.01 2.80
0.49 0.02 0.47
0.44 -0.45 0.89
-0.50 -0.01 -0.50
2.03 -0.09 2.12
0.87 -0.34 1.21
2.84 -0.04 2.87
1.55 0.43 1.12
-0.31 0.19 -0.50
0.78 -0.37 1.16
1.35 0.70 0.65
1.77 0.40 1.36
2.10 -0.17 2.26
2.48 0.34 2.15
-0.31 0.61 -0.91
0.11 0.02 0.08
0.57 -0.14 0.71
0.27 0.58 -0.30
1.34 -0.66 1.99
0.75 -0.07 0.82
0.43 -0.24 0.67
-1.21 0.04 -1.24
0.80 0.84 -0.04
-1.02 -0.01 -1.01
-0.77 -0.20 -0.56
1.24 -0.16 1.39
1.85 -0.30 2.15
0.11 -0.80 0.91
-0.94 -0.49 -0.45
-2.07 0.40 -2.46
0.26 0.55 -0.30
0.52 -0.66 1.19
-1.30 -0.49 -0.82
-1.75 0.78 -2.53
0.18 0.08 0.10
0.85 -0.08 0.93
-2.79 0.71 -3.50
0.19 -1.00 1.19
0.49 0.28 0.21
-1.87 -0.01 -1.86
0.29 0.26 0.03
-0.21 -0.60 0.39
-1.22 0.56 -1.78
1.12 0.28 0.84
-0.37 -0.72 0.34
-0.49 -0.06 -0.43
-1.40 0.47 -1.87
-1.14 -0.11 -1.03
-0.47 -0.21 -0.26
-1.34 -0.52 -0.81
0.13 -0.07 0.20
0.11 -0.55 0.66
-1.40 0.37 -1.78
0.30 -0.04 0.34
-1.37 0.05 -1.42
-1.26 -0.03 -1.23
-1.57 0.01 -1.58
-1.08 0.57 -1.66
0.53 -0.08 0.61
-0.08 0.66 -0.75
-0.84 0.55 -1.39
-0.09 0.23 -0.31
0.91 0.07 0.84
-0.99 0.03 -1.02
-1.31 0.06 -1.38
0.67 -0.93 1.59
0.63 0.50 0.14
0.57 -0.11 0.68
-0.87 0.47 -1.34
0.15 0.50 -0.35
-0.24 -0.37 0.13
-1.45 0.02 -1.47
0.38 1.00 -0.62
-1.16 -0.06 -1.10
-0.12 0.39 -0.51
-1.97 -1.43 -0.54
-3.85 0.24 -4.09
-1.75 -0.13 -1.62
-1.54 -0.25 -1.30
1.14 -0.21 1.35
-1.16 -0.29 -0.87
-0.17 0.80 -0.97
-0.09 0.46 -0.55
-0.33 0.25 -0.58
-0.63 -0.62 -0.01
-1.05 0.28 -1.33
-0.92 -0.44 -0.48
-0.95 -1.51 0.57
-3.26 -2.97 -0.29
-2.29 -4.47 2.18
-5.78 -5.35 -0.43
-5.73 -4.54 -1.19
-4.75 -5.19 0.44
-4.72 -4.40 -0.32
-4.48 -5.18 0.70
-7.16 -5.17 -1.99
-4.12 -5.22 1.10
-5.89 -5.14 -0.75
-4.15 -4.40 0.26
-5.40 -4.73 -0.67
-3.02 -4.65 1.63
-4.50 -4.34 -0.16
-4.26 -5.83 1.56
-5.50 -4.55 -0.94
0


iter 1
18.24 1.04 17.20
19.79 1.52 18.27
21.34 3.35 17.99
20.35 4.71 15.64
19.76 5.79 13.98
17.78 6.71 11.06
18.41 6.78 11.63
17.69 8.07 9.62
14.90 10.30 4.60
17.05 11.70 5.35
15.74 11.73 4.02
15.22 12.21 3.01
13.66 12.14 1.52
12.01 12.64 -0.62
10.32 13.56 -3.23
12.44 14.42 -1.99
13.07 15.59 -2.51
12.83 15.45 -2.62
12.47 16.02 -3.55
10.88 14.75 -3.87
10.03 14.46 -4.43
11.13 15.16 -4.03
10.11 14.32 -4.21
8.82 12.25 -3.44
5.88 11.18 -5.29
6.10 10.78 -4.68
5.14 10.56 -5.42
5.25 9.37 -4.11
3.91 8.89 -4.99
3.74 8.30 -4.56
2.16 7.42 -5.27
3.17 6.63 -3.46
1.71 5.63 -3.92
1.78 4.52 -2.74
0.07 2.79 -2.72
-0.20 1.90 -2.10
-1.13 1.62 -2.75
-2.58 1.06 -3.64
-1.84 -0.35 -1.49
-3.82 -2.06 -1.75
-4.24 -3.32 -0.92
-5.29 -3.16 -2.13
-5.18 -3.25 -1.94
-3.04 -3.42 0.38
-3.69 -1.88 -1.81
-2.63 -4.12 1.50
-4.84 -2.87 -1.97
-4.15 -3.13 -1.02
-5.35 -3.90 -1.45
-5.87 -2.58 -3.29
-3.62 -3.01 -0.62
-4.35 -3.25 -1.10
-3.23 -2.87 -0.36
-4.66 -2.16 -2.51
-3.61 -3.09 -0.51
-4.04 -3.11 -0.93
-1.98 -3.47 1.50
-5.80 -2.86 -2.94
-3.75 -3.25 -0.50
-2.30 -3.79 1.49
-3.33 -2.88 -0.45
-3.16 -2.81 -0.34
-0.13 -2.01 1.88
-1.72 -3.29 1.57
-2.42 -2.88 0.46
-3.67 -3.72 0.05
-3.30 -3.13 -0.17
-2.10 -3.63 1.52
-1.76 -2.55 0.79
-0.34 -2.75 2.41
-1.87 -3.38 1.50
-0.42 -2.59 2.17
0.16 -2.62 2.78
0.66 -2.59 3.25
-1.00 -3.06 2.06
-0.62 -2.98 2.36
-0.88 -2.68 1.79
-2.12 -3.59 1.48
-1.95 -3.65 1.70
-3.31 -3.32 0.01
-2.00 -3.16 1.16
-1.53 -3.15 1.63
-2.49 -2.80 0.31
-2.22 -2.93 0.71
-3.26 -3.07 -0.19
-3.46 -2.98 -0.48
-3.89 -3.05 -0.84
-5.78 -2.97 -2.80
-5.47 -3.37 -2.10
-5.68 -2.98 -2.70
-3.89 -3.36 -0.53
-5.01 -2.73 -2.28
-3.79 -3.14 -0.66
-6.85 -3.41 -3.45
-5.78 -2.60 -3.18
-4.62 -3.90 -0.72
-6.18 -2.60 -3.58
-6.57 -2.48 -4.09
-7.97 -3.09 -4.87
-5.91 -2.71 -3.20
-6.80 -3.79 -3.01
-6.27 -3.14 -3.13
-6.10 -3.84 -2.26
-7.53 -3.31 -4.22
-6.33 -2.93 -3.40
-8.00 -3.75 -4.25
-7.08 -2.79 -4.29
-6.39 -2.64 -3.75
-5.15 -3.38 -1.77
-5.37 -4.12 -1.26
-6.01 -3.52 -2.48
-8.36 -2.73 -5.63
-7.26 -3.82 -3.44
-6.61 -2.43 -4.18
-7.34 -2.37 -4.97
-6.40 -2.98 -3.41
-6.16 -2.44 -3.72
-5.92 -3.73 -2.19
-6.71 -3.76 -2.95
-5.66 -2.95 -2.72
-8.30 -2.87 -5.43
-8.26 -3.26 -5.00
-7.35 -3.36 -3.99
-9.54 -3.70 -5.84
-8.07 -3.09 -4.98
-8.80 -3.78 -5.02
0


iter 2
1.80 1.04 0.76
0.96 1.83 -0.87
0.38 3.04 -2.67
2.76 3.04 -0.28
2.86 4.25 -1.39
5.81 5.21 0.60
6.81 6.51 0.30
6.81 7.60 -0.79
8.69 8.15 0.55
8.62 8.64 -0.02
8.52 7.65 0.87
7.62 7.86 -0.24
7.32 8.60 -1.28
8.24 8.53 -0.29
7.36 7.73 -0.37
8.12 7.45 0.66
8.45 7.81 0.64
8.38 7.76 0.62
8.48 7.81 0.67
7.05 8.03 -0.99
8.86 7.94 0.92
7.68 8.04 -0.35
10.51 7.94 2.57
7.87 8.38 -0.51
5.90 8.18 -2.28
6.36 8.58 -2.22
6.95 7.38 -0.43
5.50 6.41 -0.91
5.77 5.94 -0.17
4.58 6.18 -1.60
4.52 5.47 -0.95
3.76 5.46 -1.70
5.12 4.85 0.27
1.63 4.77 -3.14
1.53 3.83 -2.30
1.91 1.37 0.54
0.43 0.38 0.05
-1.01 -0.25 -0.75
-0.30 1.07 -1.37
0.16 0.58 -0.42
-1.66 -0.04 -1.62
-1.33 0.78 -2.11
0.76 -0.06 0.82
0.77 0.96 -0.19
1.24 -0.51 1.75
-1.00 0.48 -1.48
-0.94 0.12 -1.06
-2.10 -0.89 -1.21
-2.88 -1.63 -1.25
-3.72 -3.34 -0.38
-3.23 -4.18 0.96
-3.98 -5.29 1.31
-4.45 -6.02 1.58
-5.69 -6.93 1.24
-7.23 -7.74 0.52
-7.53 -9.09 1.56
-7.83 -8.39 0.56
-8.63 -9.37 0.74
-8.85 -8.60 -0.24
-8.49 -9.92 1.43
-9.29 -8.30 -1.00
-8.37 -9.02 0.65
-10.10 -9.11 -1.00
-9.91 -9.10 -0.80
-8.20 -9.60 1.41
-7.78 -9.95 2.17
-10.21 -9.25 -0.95
-7.65 -8.91 1.27
-8.35 -9.89 1.54
-8.24 -8.91 0.67
-9.71 -8.36 -1.34
-8.14 -8.82 0.68
-8.65 -8.94 0.29
-7.90 -8.67 0.77
-8.43 -9.08 0.65
-9.88 -8.90 -0.98
-9.44 -9.18 -0.26
-8.37 -8.91 0.54
-6.93 -8.12 1.19
-5.71 -9.42 3.71
-8.59 -8.71 0.12
-6.24 -8.67 2.43
-7.44 -9.02 1.58
-8.05 -8.52 0.47
-8.13 -8.25 0.12
-8.81 -9.49 0.68
-9.34 -9.02 -0.32
-7.60 -9.41 1.80
-6.45 -9.54 3.09
-8.72 -8.29 -0.43
-6.84 -9.04 2.20
-9.69 -10.85 1.16
-8.28 -9.08 0.80
-7.94 -9.38 1.44
-7.31 -8.83 1.52
-6.90 -9.66 2.76
-9.37 -9.90 0.53
-9.98 -8.41 -1.57
-7.77 -9.54 1.77
-8.92 -8.85 -0.07
-10.28 -9.22 -1.05
-8.60 -8.43 -0.17
-8.63 -7.91 -0.72
-6.82 -9.06 2.24
-7.97 -9.28 1.31
-9.15 -8.42 -0.73
-6.91 -9.45 2.54
-8.69 -9.21 0.52
-6.14 -9.62 3.48
-9.37 -8.44 -0.93
-8.38 -8.63 0.25
-7.67 -8.91 1.24
-8.42 -9.86 1.44
-9.10 -8.94 -0.16
-8.00 -8.79 0.78
-10.45 -8.47 -1.99
-8.39 -9.60 1.21
-9.08 -9.07 -0.01
-9.24 -8.46 -0.79
-7.46 -8.69 1.23
-8.13 -9.50 1.36
-9.49 -9.59 0.10
-7.34 -9.47 2.13
-9.47 -8.62 -0.86
-8.04 -9.33 1.29
-8.99 -9.10 0.11
0


iter 3
8.23 0.04 8.19
9.52 1.86 7.66
6.39 2.39 4.00
5.33 2.71 2.62
7.17 3.22 3.95
5.84 5.40 0.44
6.04 6.92 -0.87
7.92 8.05 -0.13
8.70 9.05 -0.36
8.60 8.30 0.30
9.50 9.39 0.11
7.51 9.25 -1.74
9.25 9.61 -0.36
9.28 9.69 -0.40
7.83 8.01 -0.18
8.10 9.20 -1.10
9.21 8.15 1.06
10.02 8.78 1.24
7.61 8.00 -0.39
7.06 5.99 1.07
4.86 4.25 0.61
3.45 3.53 -0.09
2.95 2.77 0.18
1.66 1.56 0.10
0.23 1.31 -1.08
1.02 0.85 0.17
-0.85 -0.25 -0.60
-1.69 0.97 -2.66
1.67 -0.24 1.91
0.92 0.09 0.84
-0.27 -0.41 0.14
-3.07 -0.28 -2.80
1.25 0.10 1.14
-2.28 0.44 -2.72
-0.44 0.32 -0.77
1.62 0.89 0.73
-2.86 -0.69 -2.17
-2.77 -0.15 -2.62
-1.57 -0.46 -1.11
-0.61 -0.41 -0.20
-1.38 0.28 -1.66
-0.81 -0.01 -0.79
-0.21 0.33 -0.55
-1.00 -0.33 -0.66
-0.92 0.04 -0.96
-1.10 0.26 -1.36
-0.73 0.00 -0.73
-0.58 -0.55 -0.04
-2.93 -0.52 -2.41
-1.54 0.01 -1.55
-4.14 -0.53 -3.61
-2.42 0.79 -3.21
-0.00 0.48 -0.49
-1.59 0.21 -1.80
-1.87 -0.14 -1.73
-0.95 -0.40 -0.55
-2.72 0.30 -3.03
-1.15 0.82 -1.97
0.12 -0.15 0.28
-1.59 -0.16 -1.43
-1.06 0.37 -1.43
0.02 0.17 -0.14
-0.96 0.64 -1.60
-1.86 -0.51 -1.35
-2.58 -0.34 -2.24
-1.10 -0.89 -0.22
-2.32 -2.22 -0.10
-2.80 -2.97 0.17
-4.06 -4.15 0.09
-4.64 -4.41 -0.22
-5.59 -5.48 -0.10
-6.09 -5.87 -0.22
-5.91 -6.31 0.40
-6.11 -5.68 -0.43
-5.31 -5.67 0.36
-5.76 -6.09 0.33
-5.18 -6.77 1.59
-6.76 -5.37 -1.38
-5.05 -5.71 0.66
-4.91 -6.30 1.39
-5.62 -6.59 0.97
-5.17 -5.23 0.06
-3.39 -5.69 2.30
-3.40 -6.13 2.73
-5.56 -5.43 -0.13
-4.60 -6.18 1.59
-4.66 -5.54 0.88
-4.93 -6.95 2.02
-4.58 -5.83 1.25
-4.08 -5.81 1.73
-4.08 -6.97 2.89
-4.61 -6.42 1.81
-4.64 -5.91 1.28
-3.73 -5.85 2.12
-5.20 -5.73 0.53
-4.96 -5.33 0.37
-3.78 -6.38 2.60
-5.36 -6.19 0.83
-4.43 -6.13 1.70
-4.40 -5.19 0.79
-3.40 -5.62 2.22
-4.61 -6.54 1.93
-5.98 -6.20 0.22
-4.21 -6.26 2.05
-4.32 -6.29 1.97
-4.76 -5.94 1.18
-5.81 -5.75 -0.06
-5.18 -6.73 1.55
-4.43 -6.14 1.71
-6.45 -6.75 0.31
-5.91 -5.99 0.08
-3.78 -5.62 1.84
-3.41 -5.84 2.43
-4.13 -5.49 1.36
-4.07 -5.25 1.18
-2.86 -5.36 2.50
-4.47 -6.51 2.03
-4.87 -5.92 1.05
-4.01 -5.93 1.92
-3.98 -6.56 2.58
-5.24 -6.15 0.91
-5.49 -5.58 0.09
-3.47 -5.74 2.27
-4.62 -6.13 1.51
-5.80 -5.08 -0.72
-5.57 -6.24 0.67
0


iter 4
0.88 -0.19 1.08
0.97 0.42 0.55
3.00 2.18 0.82
3.03 1.76 1.27
3.96 2.36 1.60
4.63 4.20 0.43
3.66 4.88 -1.22
3.59 5.09 -1.51
4.22 6.51 -2.28
5.42 7.70 -2.28
7.99 5.99 1.99
5.11 6.95 -1.84
8.45 6.84 1.61
8.32 6.50 1.82
6.26 6.44 -0.17
6.58 6.72 -0.14
5.97 6.30 -0.32
7.58 7.10 0.48
6.36 8.22 -1.87
7.09 7.16 -0.07
7.42 6.79 0.64
8.18 7.18 1.00
7.41 8.31 -0.89
7.71 7.43 0.27
6.65 7.45 -0.80
6.88 7.23 -0.35
5.36 7.60 -2.24
6.53 6.59 -0.06
8.37 7.61 0.76
7.04 5.94 1.10
6.37 7.69 -1.32
8.58 7.75 0.83
7.05 6.95 0.10
6.78 6.84 -0.06
5.46 6.86 -1.40
7.97 6.39 1.59
4.11 6.60 -2.49
5.15 7.68 -2.53
6.14 6.92 -0.78
4.57 6.59 -2.02
4.70 7.34 -2.64
6.78 5.41 1.37
2.59 4.05 -1.46
2.68 3.08 -0.40
2.76 2.14 0.62
0.75 0.66 0.09
0.61 0.25 0.36
-1.06 -0.67 -0.40
-1.35 -1.92 0.57
-4.29 -3.31 -0.98
-4.62 -4.63 0.01
-6.07 -5.56 -0.51
-5.22 -6.57 1.36
-8.56 -7.54 -1.02
-7.43 -9.22 1.78
-8.35 -10.16 1.81
-10.21 -9.62 -0.60
-6.87 -9.43 2.56
-7.43 -10.46 3.03
-9.07 -9.75 0.68
-7.96 -9.74 1.78
-8.04 -10.50 2.46
-7.60 -11.42 3.83
-8.78 -9.25 0.47
-7.83 -10.06 2.23
-9.52 -10.44 0.92
-9.05 -9.59 0.54
-11.06 -9.84 -1.22
-9.03 -9.93 0.89
-9.77 -10.48 0.71
-9.13 -9.94 0.81
-8.39 -9.50 1.11
-9.18 -9.63 0.45
-8.60 -10.01 1.41
-9.58 -9.20 -0.38
-7.41 -9.85 2.44
-7.94 -10.21 2.26
-8.72 -10.56 1.84
-8.44 -10.15 1.71
-7.82 -9.77 1.95
-7.39 -9.75 2.36
-8.25 -9.59 1.34
-8.81 -10.45 1.64
-9.15 -9.97 0.82
-8.35 -10.35 1.99
-8.74 -9.49 0.75
-9.07 -9.64 0.57
-8.74 -9.37 0.63
-9.91 -10.08 0.17
-9.39 -10.60 1.21
-11.06 -10.16 -0.90
-9.17 -10.58 1.40
-8.38 -10.59 2.22
-7.92 -10.68 2.76
-9.19 -9.45 0.26
-9.14 -10.70 1.55
-9.17 -10.84 1.67
-10.49 -10.03 -0.46
-8.83 -10.42 1.59
-9.49 -10.40 0.91
-9.78 -9.42 -0.36
-7.81 -9.92 2.11
-8.93 -9.55 0.62
-7.06 -9.94 2.87
-9.10 -9.31 0.22
-6.98 -10.35 3.37
-9.56 -9.67 0.11
-9.35 -9.37 0.02
-8.16 -10.09 1.94
-7.09 -9.81 2.72
-9.17 -9.71 0.54
-9.29 -10.34 1.05
-9.98 -10.05 0.07
-7.42 -10.17 2.75
-10.37 -9.80 -0.57
-7.40 -10.63 3.23
-9.83 -9.25 -0.58
-8.53 -9.87 1.34
-9.25 -9.68 0.43
-8.59 -9.82 1.23
-7.87 -10.00 2.13
-9.97 -9.90 -0.08
-8.39 -9.58 1.19
-8.12 -9.46 1.33
-9.05 -10.27 1.22
-9.90 -10.41 0.51
0


iter 5
9.42 0.90 8.52
7.21 2.30 4.91
9.52 3.35 6.16
9.21 4.81 4.40
11.11 4.56 6.55
9.13 4.61 4.53
10.09 4.71 5.38
5.61 4.00 1.61
8.34 5.51 2.84
8.73 5.27 3.46
8.38 5.82 2.56
5.94 5.14 0.80
6.94 4.74 2.20
5.46 5.73 -0.27
6.24 5.51 0.73
6.79 5.63 1.15
7.01 4.52 2.49
5.47 4.46 1.00
4.77 4.97 -0.20
6.79 5.18 1.60
4.33 5.22 -0.89
5.49 5.65 -0.16
6.89 4.27 2.62
5.17 4.22 0.95
4.72 5.90 -1.18
7.11 5.27 1.84
6.71 4.18 2.53
5.58 5.23 0.35
6.34 5.20 1.14
6.62 4.78 1.84
5.16 5.27 -0.11
4.99 4.44 0.55
6.94 4.91 2.03
6.31 4.67 1.64
5.14 4.25 0.90
3.50 4.98 -1.48
6.38 5.39 0.99
5.35 4.85 0.50
5.73 5.17 0.57
3.86 4.98 -1.12
3.31 4.45 -1.14
5.39 5.12 0.27
2.26 4.58 -2.32
0.65 5.00 -4.35
2.31 4.79 -2.48
1.84 4.44 -2.60
2.52 4.75 -2.23
3.85 4.67 -0.82
2.03 4.66 -2.63
2.98 5.39 -2.41
2.01 5.44 -3.43
3.24 5.88 -2.64
4.07 4.35 -0.28
0.70 2.46 -1.77
0.50 1.53 -1.03
1.09 0.94 0.15
-2.09 0.57 -2.66
-0.63 -0.63 0.01
-3.20 -1.89 -1.31
-4.10 -2.45 -1.65
-4.62 -3.33 -1.29
-6.68 -4.61 -2.07
-5.64 -5.86 0.22
-7.38 -7.08 -0.30
-9.92 -6.84 -3.08
-6.02 -7.13 1.11
-8.55 -7.10 -1.45
-7.71 -7.17 -0.54
-7.66 -6.45 -1.21
-6.13 -6.97 0.84
-7.63 -6.91 -0.71
-7.55 -6.98 -0.57
-6.03 -6.73 0.70
-6.13 -6.53 0.40
-6.42 -7.66 1.25
-8.52 -6.18 -2.34
-5.64 -7.36 1.72
-8.68 -8.29 -0.39
-7.09 -7.29 0.20
-7.58 -6.55 -1.03
-6.35 -8.29 1.95
-7.64 -7.47 -0.17
-6.37 -5.97 -0.40
-6.78 -7.20 0.42
-5.73 -6.05 0.32
-4.49 -6.65 2.16
-6.52 -7.65 1.13
-7.31 -6.55 -0.76
-7.32 -7.35 0.03
-6.70 -7.40 0.70
-7.72 -7.10 -0.62
-7.25 -6.15 -1.10
-5.17 -7.07 1.90
-8.11 -6.88 -1.23
-5.89 -7.14 1.25
-7.52 -6.01 -1.51
-7.52 -6.37 -1.15
-8.00 -6.99 -1.01
-6.80 -6.31 -0.49
-6.97 -7.26 0.29
-7.78 -5.94 -1.84
-7.76 -7.29 -0.47
-6.21 -7.44 1.23
-5.71 -6.53 0.83
-6.62 -6.74 0.12
-6.99 -7.29 0.30
-8.33 -6.44 -1.88
-7.95 -7.21 -0.74
-6.45 -6.75 0.29
-8.37 -7.19 -1.18
-8.09 -7.25 -0.84
-7.06 -6.24 -0.82
-7.49 -7.86 0.36
-7.05 -7.60 0.54
-6.59 -6.73 0.14
-6.30 -7.24 0.94
-6.11 -7.04 0.93
-6.37 -6.77 0.40
-6.95 -7.30 0.35
-7.54 -6.20 -1.34
-7.67 -6.94 -0.73
-6.85 -6.99 0.14
-6.69 -7.56 0.87
-6.14 -6.62 0.48
-7.61 -7.43 -0.18
-7.80 -6.78 -1.02
0


iter 6
1.19 0.64 0.55
2.10 1.73 0.38
3.77 3.05 0.71
5.09 3.64 1.46
5.03 4.90 0.13
2.70 5.68 -2.98
5.66 6.32 -0.66
6.39 6.88 -0.50
8.26 8.08 0.18
7.81 9.63 -1.81
8.98 10.87 -1.88
9.57 9.84 -0.26
11.22 9.56 1.67
9.79 9.90 -0.11
9.57 9.23 0.34
10.98 9.81 1.18
8.78 10.36 -1.58
10.74 11.07 -0.33
10.18 8.96 1.22
9.94 9.77 0.17
9.67 9.77 -0.11
9.50 10.36 -0.86
9.23 10.36 -1.13
10.95 10.20 0.76
11.69 10.06 1.63
11.69 9.33 2.36
11.41 9.54 1.86
9.59 10.39 -0.80
11.95 10.33 1.62
10.53 9.73 0.80
8.24 8.89 -0.66
9.89 9.80 0.09
11.76 9.75 2.01
10.38 9.55 0.82
8.25 9.15 -0.90
8.92 8.31 0.60
6.17 7.51 -1.34
9.10 5.82 3.27
4.38 4.59 -0.20
3.31 3.16 0.14
0.63 1.98 -1.36
1.67 0.93 0.73
-0.99 -0.48 -0.51
-2.72 -1.24 -1.48
-2.29 -1.34 -0.95
-0.85 -2.03 1.18
-3.26 -3.64 0.38
-3.00 -4.71 1.72
-4.41 -4.74 0.33
-5.32 -4.92 -0.40
-4.40 -5.88 1.48
-5.47 -6.00 0.53
-5.28 -5.73 0.45
-6.19 -7.11 0.91
-8.60 -8.55 -0.05
-7.05 -8.91 1.86
-7.64 -10.49 2.85
-9.24 -11.64 2.40
-9.93 -12.16 2.23
-10.21 -13.40 3.19
-13.07 -14.74 1.66
-12.32 -15.05 2.73
-13.41 -15.59 2.17
-12.75 -14.71 1.96
-13.60 -15.51 1.91
-15.99 -14.28 -1.71
-14.58 -14.91 0.33
-15.59 -15.11 -0.48
-15.90 -14.15 -1.75
-13.21 -14.85 1.64
-13.29 -14.10 0.81
-14.46 -14.78 0.33
-16.39 -14.52 -1.88
-15.63 -14.48 -1.15
-15.43 -15.59 0.16
-16.18 -15.22 -0.96
-14.31 -14.46 0.14
-14.03 -15.53 1.51
-15.73 -15.67 -0.07
-15.00 -15.02 0.02
-15.27 -14.92 -0.36
-17.21 -15.79 -1.42
-16.97 -14.37 -2.61
-15.33 -15.58 0.26
-16.31 -14.39 -1.92
-15.44 -14.82 -0.62
-14.42 -15.25 0.83
-15.41 -15.14 -0.26
-16.38 -14.68 -1.71
-14.48 -14.69 0.22
-13.59 -14.99 1.40
-15.96 -15.04 -0.92
-15.26 -15.56 0.30
-15.50 -15.59 0.09
-14.79 -14.71 -0.08
-15.60 -14.61 -0.99
-14.25 -15.19 0.95
-16.48 -15.39 -1.09
-15.42 -14.54 -0.89
-14.24 -14.86 0.62
-14.96 -14.40 -0.56
-15.22 -15.24 0.02
-16.33 -15.27 -1.06
-15.34 -14.91 -0.43
-15.30 -15.86 0.56
-16.59 -14.53 -2.06
-16.37 -15.33 -1.04
-16.46 -15.24 -1.22
-14.94 -15.19 0.24
-13.01 -14.91 1.90
-15.46 -15.29 -0.17
-15.18 -15.34 0.16
-14.96 -15.28 0.31
-15.09 -15.54 0.45
-14.10 -14.72 0.63
-15.96 -14.90 -1.06
-13.93 -14.69 0.76
-15.32 -14.42 -0.90
-14.20 -15.28 1.09
-14.56 -15.37 0.82
-14.72 -15.01 0.29
-14.19 -15.22 1.03
-14.66 -15.13 0.47
-15.35 -14.85 -0.50
-14.74 -14.68 -0.06
-14.89 -15.27 0.38
0


iter 7
3.29 0.34 2.95
3.51 1.43 2.08
4.04 2.27 1.76
3.98 3.55 0.43
4.55 5.23 -0.67
5.47 5.71 -0.24
6.06 5.76 0.30
7.14 7.21 -0.07
8.01 7.71 0.30
7.54 8.12 -0.59
8.81 9.38 -0.58
10.35 10.48 -0.13
11.38 11.16 0.22
11.64 12.50 -0.85
11.94 11.79 0.15
13.50 11.92 1.58
12.47 12.04 0.43
12.46 11.30 1.16
13.33 13.11 0.22
13.73 12.43 1.30
13.20 11.77 1.43
12.51 11.78 0.73
14.53 11.92 2.61
13.66 12.34 1.31
11.99 12.28 -0.29
13.91 11.72 2.19
10.62 10.86 -0.24
11.21 10.48 0.73
9.92 9.88 0.04
8.48 9.50 -1.02
9.18 7.84 1.33
4.30 6.85 -2.55
4.92 5.69 -0.77
4.55 3.84 0.71
1.05 4.10 -3.05
0.38 3.30 -2.93
-0.06 1.91 -1.97
-0.51 1.53 -2.05
-0.55 0.61 -1.15
-1.84 -0.49 -1.35
-1.44 -1.99 0.55
-1.33 -3.15 1.83
-4.02 -3.84 -0.17
-2.24 -4.01 1.77
-3.03 -5.10 2.07
-5.08 -6.40 1.32
-8.15 -7.22 -0.92
-5.26 -8.68 3.42
-7.33 -10.32 2.98
-6.88 -9.34 2.45
-6.26 -10.46 4.20
-9.12 -10.02 0.90
-7.57 -10.11 2.54
-9.56 -10.53 0.97
-11.24 -9.77 -1.47
-8.25 -10.80 2.54
-9.19 -10.20 1.01
-9.05 -10.18 1.13
-11.91 -10.42 -1.49
-10.78 -9.90 -0.88
-9.85 -9.68 -0.17
-8.69 -10.12 1.43
-8.91 -9.81 0.90
-9.67 -9.34 -0.33
-10.14 -9.96 -0.17
-9.07 -9.31 0.25
-9.93 -10.57 0.64
-11.94 -9.22 -2.72
-8.27 -9.87 1.60
-9.17 -10.68 1.50
-10.12 -10.52 0.40
-10.49 -9.55 -0.94
-9.00 -10.46 1.47
-10.81 -10.37 -0.45
-9.85 -10.95 1.11
-10.60 -9.96 -0.64
-9.48 -9.73 0.25
-10.46 -9.53 -0.93
-8.90 -10.29 1.39
-10.28 -10.24 -0.04
-10.52 -10.25 -0.27
-9.54 -9.88 0.34
-7.79 -10.17 2.39
-10.65 -10.24 -0.41
-10.32 -10.18 -0.14
-10.81 -9.51 -1.30
-9.17 -9.69 0.52
-8.72 -10.50 1.78
-11.21 -10.34 -0.87
-10.08 -10.28 0.21
-9.91 -10.48 0.57
-11.45 -10.26 -1.18
-10.14 -9.73 -0.41
-9.61 -9.91 0.31
-11.71 -10.15 -1.56
-8.99 -9.26 0.28
-8.18 -10.19 2.01
-11.00 -10.43 -0.57
-8.73 -9.31 0.58
-9.18 -10.41 1.23
-11.13 -9.76 -1.37
-8.92 -9.82 0.90
-11.40 -9.09 -2.31
-10.88 -10.47 -0.41
-11.61 -10.25 -1.36
-9.84 -8.86 -0.99
-9.21 -10.23 1.03
-11.23 -9.57 -1.67
-9.30 -9.93 0.63
-8.74 -10.42 1.68
-9.14 -10.39 1.25
-9.10 -10.22 1.12
-9.44 -9.52 0.08
-9.99 -9.58 -0.41
-8.82 -9.91 1.09
-7.95 -10.21 2.25
-9.98 -10.02 0.04
-9.76 -10.22 0.45
-11.14 -10.69 -0.45
-10.69 -10.21 -0.48
-8.74 -10.20 1.46
-9.44 -9.79 0.35
-8.46 -10.07 1.61
-10.07 -9.33 -0.73
-9.27 -10.81 1.54
-11.03 -10.49 -0.54
0


iter 8
2.55 1.01 1.54
0.74 2.45 -1.71
2.73 1.58 1.15
2.50 3.19 -0.69
4.82 4.44 0.38
5.58 5.30 0.28
4.58 5.35 -0.78
6.44 6.52 -0.08
7.32 7.72 -0.41
9.11 8.66 0.45
9.99 10.13 -0.14
9.70 12.03 -2.33
10.03 11.85 -1.82
11.96 13.00 -1.04
13.40 12.70 0.70
13.02 13.03 -0.00
13.24 13.09 0.15
12.79 12.56 0.23
11.77 13.55 -1.78
13.35 13.25 0.11
12.53 12.46 0.07
11.17 13.22 -2.05
13.20 13.41 -0.22
13.87 13.59 0.28
14.01 13.10 0.91
14.53 13.05 1.47
15.92 12.91 3.00
15.23 12.72 2.50
11.19 12.72 -1.53
13.90 12.62 1.29
13.71 12.59 1.11
12.99 14.36 -1.37
13.54 13.46 0.08
15.07 13.29 1.78
13.07 12.17 0.90
10.86 13.43 -2.57
12.65 12.70 -0.05
12.77 12.03 0.74
10.79 10.62 0.17
9.11 9.29 -0.18
8.80 8.82 -0.02
5.92 8.72 -2.80
8.44 7.01 1.42
5.31 5.84 -0.53
4.77 4.77 0.00
2.94 3.98 -1.04
2.25 2.81 -0.56
0.55 1.58 -1.03
-0.40 0.78 -1.18
-1.37 -0.62 -0.75
-1.83 -2.11 0.28
-3.76 -2.66 -1.10
-4.76 -4.43 -0.33
-5.82 -4.81 -1.00
-7.36 -6.30 -1.06
-7.10 -7.49 0.39
-10.05 -7.93 -2.12
-7.98 -8.90 0.91
-9.80 -10.03 0.22
-10.51 -10.64 0.13
-12.24 -11.28 -0.96
-11.25 -12.21 0.96
-13.24 -13.03 -0.21
-12.11 -14.53 2.42
-15.21 -15.38 0.17
-15.92 -15.89 -0.03
-14.97 -18.00 3.04
-17.24 -18.77 1.53
-18.57 -20.67 2.10
-19.83 -19.78 -0.05
-18.98 -20.64 1.67
-20.27 -19.84 -0.43
-19.14 -19.86 0.73
-17.47 -19.24 1.77
-19.94 -19.25 -0.69
-19.86 -20.04 0.18
-19.40 -20.44 1.05
-19.17 -19.39 0.23
-20.53 -19.65 -0.88
-19.68 -20.29 0.61
-18.20 -20.35 2.15
-18.31 -20.32 2.01
-19.00 -21.11 2.11
-18.72 -19.77 1.06
-21.31 -20.19 -1.12
-19.65 -20.86 1.22
-19.32 -19.62 0.30
-19.61 -20.00 0.40
-18.73 -20.84 2.11
-19.30 -20.20 0.90
-20.18 -19.82 -0.36
-19.25 -20.89 1.64
-19.36 -20.53 1.16
-20.16 -19.83 -0.33
-17.54 -20.77 3.23
-19.55 -19.27 -0.28
-18.06 -19.15 1.09
-20.00 -20.17 0.18
-19.80 -20.23 0.43
-20.15 -19.95 -0.20
-19.79 -20.31 0.52
-19.11 -20.25 1.14
-20.57 -20.01 -0.55
-19.39 -20.38 0.99
-19.03 -20.41 1.39
-19.89 -19.79 -0.11
-19.07 -20.08 1.02
-20.18 -19.87 -0.31
-20.16 -20.40 0.24
-20.70 -20.35 -0.35
-20.12 -20.60 0.48
-20.31 -19.67 -0.64
-19.76 -19.79 0.03
-19.21 -19.60 0.39
-19.26 -20.44 1.18
-18.91 -20.32 1.41
-18.15 -19.89 1.74
-19.65 -19.59 -0.07
-20.17 -19.85 -0.32
-20.99 -19.60 -1.40
-20.48 -19.97 -0.51
-20.52 -19.43 -1.09
-18.63 -20.10 1.48
-19.27 -20.00 0.73
-19.01 -19.90 0.89
-20.53 -20.62 0.09
0


iter 9
1.91 0.44 1.46
2.61 1.90 0.70
1.18 2.17 -0.98
3.58 2.95 0.63
4.28 3.50 0.78
4.16 4.41 -0.25
3.71 4.34 -0.63
5.05 3.81 1.23
6.33 5.47 0.86
5.92 5.34 0.58
6.11 5.82 0.29
6.22 4.04 2.18
4.57 5.99 -1.42
6.42 4.35 2.07
3.87 4.22 -0.35
6.18 4.93 1.25
4.09 5.21 -1.12
4.12 5.01 -0.88
6.09 5.91 0.18
5.20 4.60 0.60
4.46 5.30 -0.84
5.60 4.68 0.92
3.43 4.80 -1.37
5.19 4.83 0.36
4.25 4.95 -0.70
4.06 5.88 -1.81
6.59 4.61 1.97
3.79 5.16 -1.36
4.68 4.85 -0.17
4.15 5.74 -1.59
4.16 5.15 -0.99
3.32 4.44 -1.13
2.57 5.17 -2.61
3.74 5.57 -1.83
3.96 4.97 -1.01
3.93 3.26 0.68
2.75 1.88 0.87
0.98 1.71 -0.73
2.50 0.76 1.73
0.87 0.39 0.48
1.05 1.50 -0.45
1.65 -0.13 1.78
-1.03 -0.57 -0.47
0.93 0.15 0.77
-0.29 -0.34 0.04
0.08 0.79 -0.72
1.88 0.55 1.33
0.57 -0.24 0.80
-0.31 -0.56 0.25
-0.35 -0.62 0.27
0.18 -0.65 0.82
-0.09 0.72 -0.81
0.05 0.62 -0.57
1.50 0.99 0.51
0.16 0.91 -0.76
0.16 -0.57 0.73
-1.53 -0.53 -1.00
-0.57 0.41 -0.97
1.30 0.23 1.07
-0.53 0.52 -1.05
-0.71 -0.44 -0.27
-0.73 0.61 -1.35
-0.98 0.04 -1.02
-1.96 0.23 -2.19
-2.43 0.02 -2.45
-1.48 -0.22 -1.26
-0.92 -0.01 -0.91
0.01 -1.94 1.95
-2.11 -3.16 1.05
-2.97 -3.39 0.42
-4.18 -4.40 0.22
-5.18 -5.48 0.30
-4.83 -5.53 0.71
-5.86 -6.87 1.01
-6.95 -8.95 2.00
-9.41 -7.39 -2.01
-9.22 -8.94 -0.27
-8.97 -8.02 -0.95
-7.77 -8.20 0.42
-9.44 -7.57 -1.87
-6.85 -7.70 0.85
-7.53 -7.78 0.24
-6.80 -7.86 1.06
-7.32 -8.76 1.44
-9.08 -8.00 -1.08
-8.37 -7.61 -0.76
-9.03 -7.35 -1.68
-7.49 -8.35 0.86
-6.96 -8.30 1.34
-10.02 -7.06 -2.96
-6.52 -7.14 0.62
-6.65 -7.79 1.15
-6.75 -7.51 0.75
-6.79 -7.65 0.86
-7.69 -7.82 0.14
-7.42 -7.78 0.36
-7.69 -7.81 0.12
-7.19 -9.59 2.40
-10.95 -8.18 -2.76
-6.85 -8.00 1.15
-7.07 -7.65 0.58
-6.75 -8.05 1.30
-7.41 -8.02 0.61
-6.12 -7.24 1.12
-8.21 -7.96 -0.26
-7.17 -7.06 -0.11
-5.37 -8.11 2.73
-6.80 -8.34 1.54
-8.12 -8.56 0.43
-7.71 -8.22 0.51
-7.44 -7.24 -0.20
-8.73 -8.76 0.03
-9.53 -8.10 -1.43
-7.55 -8.69 1.14
-8.67 -7.35 -1.32
-5.98 -8.33 2.35
-6.72 -7.85 1.13
-7.36 -8.31 0.95
-7.37 -8.30 0.93
-7.85 -8.26 0.41
-7.89 -8.30 0.41
-8.25 -7.64 -0.61
-7.17 -8.81 1.64
-8.30 -7.77 -0.53
-7.17 -8.32 1.15
-8.60 -8.04 -0.56
0


iter 10
10.99 1.11 9.88
10.57 2.47 8.10
7.96 3.45 4.51
7.38 4.52 2.86
6.47 6.20 0.27
8.99 7.56 1.43
9.07 8.51 0.56
10.52 8.66 1.86
10.77 9.65 1.13
11.48 9.42 2.06
12.24 10.84 1.41
13.14 10.27 2.87
13.53 10.37 3.16
11.92 10.44 1.48
11.17 10.63 0.54
13.84 9.82 4.02
12.12 11.26 0.86
12.50 10.35 2.15
13.14 9.55 3.59
8.52 10.47 -1.95
11.32 9.76 1.56
8.82 10.79 -1.97
9.61 9.43 0.18
7.17 10.50 -3.33
7.13 9.89 -2.76
6.33 8.28 -1.95
5.19 7.28 -2.09
2.11 6.08 -3.97
1.74 4.96 -3.22
3.28 3.46 -0.18
0.62 1.42 -0.80
-1.30 0.31 -1.62
-0.74 -0.75 0.01
-2.48 -2.03 -0.45
-4.44 -3.66 -0.78
-2.35 -3.69 1.34
-2.84 -5.14 2.30
-5.64 -5.08 -0.56
-5.64 -3.69 -1.95
-4.30 -5.15 0.84
-6.96 -5.10 -1.85
-5.48 -5.36 -0.13
-5.04 -5.58 0.53
-7.65 -4.74 -2.91
-5.58 -4.93 -0.65
-5.30 -5.32 0.02
-4.91 -4.96 0.06
-5.11 -4.95 -0.15
-5.89 -5.21 -0.68
-5.85 -4.82 -1.03
-5.28 -5.34 0.06
-6.54 -5.51 -1.03
-4.13 -4.82 0.69
-4.25 -4.96 0.71
-4.38 -4.85 0.47
-4.57 -4.78 0.21
-5.63 -5.21 -0.42
-4.07 -5.70 1.63
-5.95 -5.07 -0.88
-4.57 -5.46 0.90
-3.40 -4.66 1.26
-4.90 -4.65 -0.25
-4.28 -5.39 1.10
-6.02 -4.94 -1.08
-4.38 -4.73 0.35
-2.69 -5.80 3.11
-4.26 -4.66 0.40
-4.23 -4.88 0.65
-4.58 -4.97 0.39
-4.48 -4.20 -0.28
-2.51 -4.96 2.46
-2.39 -4.70 2.31
-5.48 -5.09 -0.40
-3.99 -4.59 0.60
-4.52 -4.15 -0.36
-3.12 -5.16 2.04
-5.68 -4.74 -0.94
-4.60 -4.37 -0.23
-4.18 -4.05 -0.13
-5.79 -4.74 -1.05
-3.46 -4.71 1.25
-5.96 -4.26 -1.69
-5.26 -5.25 -0.02
-5.83 -4.72 -1.11
-5.52 -5.15 -0.37
-5.42 -4.69 -0.73
-5.61 -5.20 -0.41
-5.60 -6.00 0.40
-7.04 -4.87 -2.17
-4.95 -5.15 0.19
-6.75 -4.67 -2.08
-7.17 -5.20 -1.97
-7.59 -5.33 -2.25
-6.68 -4.64 -2.04
-5.38 -4.61 -0.77
-6.09 -4.93 -1.15
-6.50 -4.46 -2.05
-6.87 -4.79 -2.09
-5.45 -4.28 -1.17
-4.50 -4.83 0.33
-6.25 -3.87 -2.38
-4.01 -4.64 0.63
-5.81 -5.07 -0.75
-5.48 -5.33 -0.14
-6.75 -5.59 -1.16
-5.39 -4.31 -1.08
-5.02 -3.83 -1.18
-5.12 -4.74 -0.37
-6.49 -5.05 -1.44
-5.73 -4.70 -1.04
-6.95 -4.99 -1.96
-6.25 -5.02 -1.23
-7.72 -4.83 -2.88
-4.77 -5.21 0.44
-6.34 -5.72 -0.62
-7.98 -5.12 -2.86
-5.67 -4.31 -1.37
-3.96 -5.10 1.14
-6.68 -5.80 -0.88
-6.36 -5.56 -0.81
-5.59 -4.71 -0.87
-4.65 -5.27 0.62
-7.07 -5.86 -1.22
-6.34 -5.25 -1.09
-5.17 -4.89 -0.28
-4.34 -6.13 1.79
0


iter 11
1.54 1.49 0.05
1.98 2.26 -0.28
4.24 2.11 2.13
3.57 3.46 0.11
4.40 4.67 -0.27
4.87 4.17 0.71
6.24 5.35 0.89
4.44 4.71 -0.27
3.26 4.87 -1.61
3.19 5.61 -2.42
7.13 4.58 2.55
3.01 5.36 -2.34
3.61 5.51 -1.90
5.87 5.12 0.75
4.75 4.73 0.02
4.44 5.95 -1.51
4.57 5.14 -0.57
4.15 4.36 -0.21
5.12 4.30 0.82
4.22 3.78 0.43
3.76 3.86 -0.11
5.21 4.45 0.76
4.36 5.35 -0.99
3.92 4.90 -0.98
4.15 4.10 0.05
3.51 3.94 -0.44
2.23 2.81 -0.58
3.76 1.97 1.79
0.91 0.79 0.12
1.86 0.24 1.62
1.44 0.05 1.39
1.33 0.41 0.92
1.21 0.44 0.77
1.74 -0.33 2.07
0.55 -0.48 1.03
0.78 -0.36 1.14
2.27 1.18 1.09
2.38 0.59 1.79
1.31 1.19 0.12
1.84 -0.57 2.40
-0.79 -0.15 -0.65
0.40 0.75 -0.35
1.03 -0.87 1.90
0.39 0.28 0.11
3.10 0.03 3.08
0.09 -0.35 0.44
1.55 0.09 1.46
0.74 0.61 0.13
1.51 0.28 1.23
0.89 -0.17 1.06
0.32 0.18 0.14
-0.80 0.59 -1.38
1.17 0.01 1.16
0.58 0.52 0.06
0.50 0.46 0.04
-0.06 -0.38 0.32
0.77 -0.24 1.02
0.04 -0.53 0.57
0.95 -0.50 1.45
0.33 0.14 0.19
0.52 -0.65 1.17
0.01 -0.26 0.27
1.34 0.14 1.19
0.41 0.13 0.28
-1.77 -0.14 -1.63
-1.55 0.32 -1.87
-1.03 0.04 -1.07
1.13 -0.12 1.25
-0.22 0.39 -0.61
0.93 -0.21 1.14
-0.22 -0.03 -0.19
1.11 -0.43 1.54
-1.09 -0.00 -1.09
-0.47 0.21 -0.68
0.38 -0.47 0.86
-1.74 0.83 -2.57
-0.22 0.22 -0.43
0.78 -0.27 1.05
-1.00 -0.79 -0.20
-2.60 0.11 -2.71
-1.04 0.00 -1.05
-1.24 -0.38 -0.86
-0.04 -0.03 -0.00
-1.74 -0.29 -1.44
-1.43 0.20 -1.64
0.49 -0.58 1.07
-1.51 -0.55 -0.96
-0.54 -1.41 0.87
-2.05 -1.49 -0.56
-0.69 -2.33 1.64
-0.70 -3.00 2.30
-2.64 -4.13 1.49
-3.23 -5.04 1.81
-4.63 -6.04 1.41
-6.89 -7.43 0.54
-6.71 -7.49 0.78
-7.38 -8.20 0.82
-8.90 -7.76 -1.14
-6.97 -7.79 0.82
-6.36 -8.49 2.12
-7.88 -7.14 -0.74
-6.65 -8.19 1.54
-5.67 -8.10 2.43
-5.13 -8.87 3.74
-7.33 -7.16 -0.18
-6.20 -7.17 0.97
-6.77 -7.84 1.07
-4.20 -8.34 4.14
-4.96 -7.70 2.74
-6.76 -7.79 1.03
-5.71 -8.45 2.73
-5.83 -7.53 1.70
-5.70 -9.02 3.32
-6.17 -8.07 1.90
-7.91 -7.46 -0.45
-4.73 -8.95 4.22
-6.34 -8.18 1.84
-7.03 -7.37 0.35
-5.40 -7.60 2.20
-6.41 -8.61 2.21
-7.58 -8.02 0.44
-6.88 -8.38 1.51
-7.46 -8.20 0.74
-6.17 -7.51 1.34
-5.23 -7.17 1.94
-5.10 -8.80 3.69
0


iter 12
9.73 1.17 8.56
9.19 1.97 7.22
10.72 3.16 7.56
11.35 3.41 7.94
11.24 4.16 7.07
10.49 4.31 6.18
11.10 4.08 7.02
9.92 3.86 6.06
9.27 3.93 5.34
10.10 4.26 5.84
8.47 3.19 5.28
7.61 3.07 4.54
7.76 3.97 3.79
8.64 3.70 4.94
6.65 4.13 2.52
6.45 3.81 2.65
6.87 4.06 2.81
5.25 4.75 0.51
5.98 4.49 1.49
3.21 4.95 -1.74
6.08 4.87 1.20
5.35 3.90 1.45
5.19 3.91 1.28
3.66 3.94 -0.28
5.09 3.31 1.78
4.04 3.38 0.66
3.04 3.24 -0.19
2.40 3.92 -1.52
5.98 4.56 1.42
4.35 3.62 0.73
4.43 4.12 0.31
4.22 4.78 -0.56
6.00 4.21 1.79
4.31 3.22 1.09
4.79 4.36 0.42
5.55 3.33 2.22
3.05 3.35 -0.30
4.22 3.96 0.26
4.09 4.28 -0.19
4.51 4.44 0.07
4.31 3.46 0.85
2.89 4.12 -1.24
3.05 4.26 -1.21
4.24 3.94 0.30
4.89 3.50 1.39
4.24 3.34 0.91
3.48 4.33 -0.85
5.02 4.54 0.48
3.67 3.59 0.08
2.19 4.41 -2.22
4.30 4.33 -0.03
4.13 4.01 0.11
3.33 3.75 -0.43
2.01 2.81 -0.81
1.30 2.11 -0.82
1.65 1.55 0.10
2.71 -0.60 3.31
-2.78 -1.73 -1.05
-2.16 -2.40 0.23
-4.04 -3.62 -0.42
-5.17 -3.73 -1.44
-4.46 -4.38 -0.08
-4.26 -3.76 -0.50
-4.90 -4.15 -0.75
-4.17 -4.13 -0.04
-5.34 -4.40 -0.94
-5.33 -3.75 -1.59
-1.31 -3.63 2.32
-2.80 -3.69 0.89
-3.16 -3.92 0.76
-3.55 -4.26 0.71
-2.89 -4.15 1.26
-3.47 -4.86 1.39
-3.76 -3.69 -0.08
-2.76 -4.12 1.36
-2.69 -4.50 1.81
-4.87 -4.11 -0.76
-2.47 -4.58 2.11
-3.88 -4.41 0.54
-3.12 -4.26 1.15
-2.83 -4.47 1.64
-2.26 -3.97 1.71
-1.30 -4.43 3.13
-2.48 -3.73 1.25
-1.84 -3.63 1.79
-3.07 -3.59 0.52
-1.40 -4.73 3.33
-3.52 -4.65 1.14
-3.75 -4.63 0.88
-3.90 -4.26 0.36
-2.89 -4.49 1.61
-1.74 -4.40 2.66
-4.12 -4.39 0.27
-4.31 -3.99 -0.33
-5.97 -3.64 -2.33
-2.61 -3.96 1.35
-3.08 -3.56 0.48
-4.46 -4.28 -0.19
-4.94 -4.80 -0.14
-4.98 -3.33 -1.65
-3.81 -3.64 -0.17
-3.93 -4.40 0.48
-5.03 -3.74 -1.30
-4.55 -3.60 -0.96
-3.86 -3.89 0.03
-5.05 -3.58 -1.47
-4.32 -4.02 -0.31
-2.50 -4.19 1.69
-6.83 -3.63 -3.20
-4.39 -4.00 -0.38
-4.98 -3.70 -1.28
-4.37 -4.16 -0.21
-4.12 -4.58 0.46
-3.20 -3.34 0.14
-5.78 -4.62 -1.16
-4.72 -3.91 -0.82
-3.57 -4.33 0.76
-5.21 -3.39 -1.81
-3.63 -3.80 0.17
-1.88 -4.53 2.64
-5.37 -3.99 -1.38
-6.12 -3.72 -2.41
-4.01 -3.83 -0.18
-4.52 -3.85 -0.67
-5.53 -4.26 -1.27
-6.37 -4.09 -2.29
0


iter 13
5.69 1.85 3.84
4.38 1.70 2.68
4.85 1.83 3.02
2.82 3.20 -0.38
4.50 3.21 1.30
4.57 3.58 0.99
4.17 4.83 -0.66
6.23 3.67 2.56
3.62 4.19 -0.57
2.37 4.53 -2.16
3.66 3.04 0.62
3.70 4.68 -0.98
2.85 3.95 -1.10
4.00 3.23 0.77
3.97 1.93 2.04
1.95 1.23 0.72
2.97 0.19 2.79
1.34 -0.86 2.20
1.21 0.01 1.20
1.39 0.12 1.28
1.17 0.04 1.13
1.50 0.84 0.67
1.75 0.36 1.39
1.69 -0.30 1.99
-0.19 -0.62 0.43
2.18 -0.24 2.42
-0.40 1.41 -1.81
3.74 -0.05 3.80
1.66 -0.48 2.14
1.12 0.21 0.91
2.14 0.75 1.39
1.75 0.07 1.68
1.58 -0.05 1.62
0.63 -0.07 0.70
1.54 -0.33 1.87
-0.27 -0.24 -0.02
2.03 -0.24 2.27
2.32 0.83 1.49
2.05 0.39 1.66
1.28 -0.11 1.39
0.12 0.01 0.12
1.24 0.05 1.19
1.43 -0.22 1.66
0.47 -0.70 1.16
-0.61 0.22 -0.83
0.40 -0.16 0.56
0.74 -0.21 0.95
-0.86 0.18 -1.04
0.37 0.33 0.03
1.04 -0.01 1.05
0.92 -0.84 1.76
-0.16 -0.66 0.51
0.82 -0.14 0.96
0.25 -1.24 1.49
-2.09 -0.84 -1.25
-0.17 0.18 -0.36
1.30 0.30 1.01
0.00 0.33 -0.33
0.16 -0.81 0.96
0.04 -0.65 0.69
-1.22 0.33 -1.55
0.44 0.10 0.35
0.63 0.08 0.56
-1.65 -0.12 -1.53
0.28 -0.47 0.75
-0.92 0.15 -1.06
-1.40 -0.95 -0.45
-0.82 0.37 -1.19
-0.94 -0.35 -0.59
0.77 -0.37 1.14
-0.66 0.30 -0.96
-0.39 0.54 -0.92
-1.14 -0.37 -0.77
-1.24 0.33 -1.57
-1.64 0.76 -2.39
-1.08 -0.01 -1.07
-0.57 0.43 -1.00
-0.02 -0.07 0.05
-0.44 0.71 -1.14
-0.30 -0.08 -0.23
-1.30 0.42 -1.72
-1.58 0.42 -2.00
0.72 -0.04 0.76
-0.02 0.95 -0.97
-0.30 -1.40 1.10
-0.96 -0.14 -0.83
-0.72 -0.29 -0.44
-1.08 -0.13 -0.95
-0.53 0.58 -1.11
-0.13 0.20 -0.33
0.19 0.31 -0.12
0.47 -0.53 1.00
-0.22 -0.41 0.20
-0.96 -0.14 -0.82
0.53 0.11 0.42
-0.52 -0.23 -0.29
0.10 -0.35 0.44
-0.01 -0.11 0.10
0.72 -0.21 0.94
-0.38 -0.10 -0.28
-2.26 -0.52 -1.74
0.21 0.37 -0.16
-0.81 0.90 -1.70
0.67 -0.85 1.52
-0.57 -0.79 0.22
1.50 0.58 0.92
1.25 -0.65 1.90
-1.58 -0.24 -1.34
0.31 -0.27 0.58
-0.80 0.15 -0.95
1.64 -0.17 1.82
0.93 0.84 0.09
0.78 -0.10 0.88
0.47 0.37 0.10
0.49 1.18 -0.69
0.93 0.83 0.10
-0.20 0.88 -1.08
0.22 0.14 0.08
-1.05 -0.83 -0.21
-0.51 1.12 -1.63
-1.96 0.58 -2.54
-0.35 -0.50 0.15
-1.70 0.42 -2.12
-1.98 -0.49 -1.49
-0.60 0.30 -0.90
0.55 0.49 0.07
0


iter 14
10.48 0.77 9.71
10.96 1.85 9.12
10.75 2.14 8.60
11.09 1.96 9.12
10.25 2.40 7.85
10.58 2.64 7.94
10.74 3.75 6.99
10.63 5.31 5.32
11.92 6.73 5.19
11.04 6.62 4.42
11.61 7.54 4.06
10.07 8.28 1.79
10.69 9.10 1.60
9.04 10.38 -1.34
7.64 10.66 -3.01
6.69 9.76 -3.06
6.42 8.92 -2.50
7.25 9.35 -2.10
7.18 9.44 -2.26
4.94 9.51 -4.56
8.08 9.88 -1.79
6.35 9.75 -3.39
5.91 10.64 -4.72
7.61 10.19 -2.58
5.72 10.07 -4.35
7.33 10.56 -3.23
5.32 10.31 -4.99
6.84 10.13 -3.29
6.15 9.33 -3.19
6.84 9.96 -3.12
6.07 10.23 -4.17
6.54 10.34 -3.80
8.27 10.40 -2.13
6.40 10.30 -3.91
7.23 9.46 -2.23
5.57 10.08 -4.52
7.24 9.25 -2.01
5.28 10.25 -4.97
5.85 9.75 -3.90
5.18 8.92 -3.74
5.78 7.37 -1.59
1.42 6.74 -5.32
2.00 6.51 -4.51
2.36 5.36 -3.01
0.64 4.71 -4.07
-0.41 3.24 -3.65
-3.38 2.11 -5.49
-1.42 1.07 -2.48
-1.28 0.42 -1.70
-2.42 -0.15 -2.27
-2.84 -1.10 -1.74
-3.70 -2.82 -0.88
-5.97 -4.31 -1.66
-5.25 -5.24 -0.01
-6.52 -6.43 -0.09
-9.46 -7.06 -2.40
-8.64 -7.76 -0.88
-9.02 -9.32 0.31
-8.84 -9.59 0.74
-8.31 -10.29 1.97
-9.64 -10.27 0.63
-8.34 -9.31 0.98
-8.30 -10.40 2.10
-8.65 -9.85 1.20
-6.93 -9.34 2.41
-7.85 -10.04 2.19
-9.14 -10.02 0.88
-7.44 -9.75 2.31
-6.28 -9.12 2.84
-6.42 -9.69 3.27
-6.45 -10.08 3.64
-6.95 -10.49 3.54
-7.81 -9.72 1.91
-7.67 -10.09 2.42
-5.15 -9.78 4.63
-5.62 -10.42 4.80
-5.75 -10.47 4.72
-6.59 -9.43 2.84
-7.28 -9.60 2.32
-5.62 -9.08 3.46
-6.77 -10.05 3.28
-6.59 -9.43 2.84
-5.04 -10.09 5.05
-7.70 -9.52 1.82
-5.69 -9.99 4.30
-6.98 -10.31 3.32
-6.55 -10.34 3.79
-5.39 -9.62 4.22
-4.94 -10.34 5.40
-4.35 -10.57 6.22
-5.70 -8.98 3.29
-5.06 -8.59 3.53
-4.43 -9.92 5.49
-5.16 -9.73 4.57
-4.11 -9.42 5.31
-6.30 -9.78 3.48
-4.59 -9.82 5.23
-4.74 -9.68 4.94
-5.30 -9.90 4.60
-4.89 -9.12 4.23
-5.30 -9.47 4.17
-3.91 -10.01 6.10
-6.20 -9.94 3.75
-6.08 -9.07 2.98
-5.11 -9.73 4.62
-6.04 -10.09 4.04
-5.70 -9.85 4.14
-5.63 -9.86 4.23
-4.53 -9.15 4.62
-5.61 -9.62 4.02
-3.94 -9.10 5.16
-4.91 -9.69 4.78
-4.82 -10.17 5.36
-4.36 -10.01 5.65
-5.88 -10.19 4.31
-5.29 -10.18 4.89
-5.48 -10.76 5.28
-5.83 -10.27 4.45
-7.24 -9.66 2.42
-3.97 -10.00 6.04
-6.01 -9.36 3.36
-6.24 -9.85 3.61
-4.52 -10.48 5.96
-6.17 -9.95 3.78
-6.67 -9.14 2.47
-5.44 -10.03 4.60
0


iter 15
7.14 2.03 5.11
5.15 3.65 1.50
5.74 4.43 1.32
4.64 4.78 -0.14
6.60 5.95 0.65
5.04 7.17 -2.13
8.45 8.37 0.09
6.81 10.47 -3.66
4.32 11.12 -6.80
6.79 12.84 -6.05
6.17 14.39 -8.22
7.64 15.46 -7.82
6.73 15.87 -9.14
6.81 17.01 -10.20
5.85 18.73 -12.88
6.27 20.12 -13.84
6.34 21.44 -15.10
5.69 21.99 -16.30
4.82 22.62 -17.80
5.53 24.05 -18.52
7.08 25.50 -18.42
2.96 25.71 -22.75
-0.16 26.83 -26.99
4.95 27.55 -22.60
1.55 28.89 -27.34
2.44 30.08 -27.64
2.65 30.29 -27.64
2.93 29.96 -27.03
2.95 29.55 -26.59
2.57 29.66 -27.09
2.03 28.83 -26.80
1.85 27.71 -25.86
2.98 26.02 -23.04
3.28 25.88 -22.60
3.24 24.96 -21.71
2.32 23.81 -21.49
2.86 22.54 -19.68
3.45 21.59 -18.14
1.60 20.87 -19.27
4.04 18.85 -14.81
3.01 17.95 -14.94
4.31 17.14 -12.83
2.94 16.26 -13.32
3.46 15.22 -11.77
0.86 14.97 -14.11
0.52 14.64 -14.11
1.68 13.35 -11.67
2.13 12.04 -9.91
3.09 11.23 -8.14
2.17 9.98 -7.81
1.97 8.60 -6.64
0.72 7.21 -6.49
1.99 5.56 -3.57
1.22 4.88 -3.66
0.24 4.21 -3.97
2.15 1.91 0.24
-0.13 1.45 -1.58
1.22 0.75 0.46
1.09 -0.12 1.21
0.83 -0.60 1.43
0.72 -2.39 3.11
-1.06 -3.85 2.79
2.34 -5.47 7.82
-1.63 -6.49 4.85
-1.05 -7.49 6.44
-2.63 -8.20 5.57
-2.23 -9.01 6.78
-3.98 -10.35 6.36
-3.30 -11.58 8.28
-2.80 -12.70 9.90
-3.88 -13.27 9.39
-4.33 -14.23 9.89
-5.02 -14.79 9.77
-5.02 -16.49 11.48
-5.78 -17.96 12.17
-5.12 -18.01 12.90
-6.73 -18.84 12.12
-7.30 -19.97 12.66
-4.63 -21.25 16.62
-7.09 -21.59 14.49
-6.83 -22.25 15.42
-5.70 -23.76 18.06
-9.16 -24.26 15.09
-7.35 -24.79 17.45
-6.94 -25.13 18.19
-4.71 -25.41 20.70
-5.73 -26.73 21.00
-7.36 -28.71 21.35
-7.60 -30.42 22.82
-8.02 -30.86 22.83
-7.16 -30.36 23.20
-7.61 -29.45 21.84
-8.24 -30.04 21.80
-7.97 -29.60 21.63
-8.35 -30.07 21.72
-9.94 -29.82 19.88
-6.82 -29.55 22.74
-6.83 -30.25 23.42
-6.57 -31.01 24.44
-7.85 -30.64 22.79
-5.62 -30.09 24.47
-4.53 -31.65 27.12
-4.80 -30.16 25.36
-3.65 -29.77 26.12
-4.24 -30.59 26.35
-1.83 -30.23 28.40
-4.73 -29.63 24.90
-1.98 -30.52 28.54
-4.07 -29.94 25.87
-2.72 -29.27 26.55
-5.23 -29.75 24.52
-3.04 -30.37 27.33
-4.07 -29.44 25.37
-4.04 -29.77 25.73
-3.72 -30.40 26.68
-3.40 -29.70 26.30
-3.93 -30.02 26.08
-2.49 -30.77 28.28
-2.99 -29.70 26.72
-3.71 -29.97 26.27
-2.89 -30.41 27.52
-4.55 -29.99 25.44
-3.30 -29.88 26.58
-4.27 -30.10 25.82
-3.82 -29.79 25.97
-4.21 -29.71 25.49
0


iter 16
7.91 0.57 7.34
7.90 1.34 6.56
9.20 2.63 6.57
8.46 3.38 5.09
8.27 4.16 4.12
6.26 5.43 0.83
6.95 6.75 0.21
6.44 8.00 -1.56
4.39 8.26 -3.88
4.38 9.69 -5.31
3.18 10.77 -7.59
6.26 11.65 -5.40
3.88 12.27 -8.39
4.80 14.46 -9.66
4.45 15.75 -11.29
5.60 15.38 -9.78
4.07 14.16 -10.09
4.77 13.21 -8.44
5.31 12.91 -7.61
4.32 12.18 -7.87
3.48 10.94 -7.46
3.75 9.79 -6.04
2.82 8.60 -5.78
2.31 6.30 -3.99
-0.24 5.45 -5.69
2.25 5.01 -2.77
1.86 3.57 -1.71
-1.84 2.21 -4.05
-0.36 1.40 -1.77
-0.85 1.02 -1.87
-2.27 0.01 -2.27
-1.19 0.59 -1.78
-1.88 -0.11 -1.77
-0.85 0.33 -1.18
-0.72 0.20 -0.92
-1.12 0.03 -1.15
-0.42 -0.10 -0.32
-0.52 -0.21 -0.31
1.20 -0.35 1.55
-1.81 -0.36 -1.45
-1.19 0.72 -1.91
-1.29 -0.32 -0.97
-0.86 0.44 -1.29
0.04 -0.65 0.70
-0.28 -0.48 0.20
-0.67 -0.09 -0.58
0.44 -0.32 0.76
-0.56 0.17 -0.74
-0.98 0.48 -1.46
-2.48 -0.10 -2.38
-2.25 -0.06 -2.19
-0.17 0.31 -0.48
0.03 -0.35 0.38
-1.60 -1.41 -0.19
-1.01 -2.51 1.50
-0.96 -3.96 3.00
-1.67 -4.68 3.01
-1.52 -6.02 4.50
-1.44 -7.28 5.84
-1.23 -8.19 6.96
-1.72 -9.00 7.28
-1.30 -9.75 8.45
-2.97 -10.11 7.13
-3.07 -10.59 7.52
-1.72 -11.53 9.81
-1.52 -12.35 10.84
-0.85 -13.25 12.40
-2.84 -14.47 11.63
-1.94 -15.64 13.71
-1.76 -16.13 14.36
-3.44 -17.57 14.13
-2.64 -18.38 15.75
-2.57 -19.24 16.67
-2.68 -20.62 17.93
-5.00 -21.07 16.07
-4.69 -21.66 16.97
-3.26 -22.24 18.98
-4.03 -23.34 19.30
-2.83 -23.88 21.04
-3.56 -23.58 20.02
-3.24 -23.64 20.40
-5.03 -24.05 19.02
-3.71 -24.56 20.85
-3.57 -24.06 20.49
-4.49 -23.69 19.21
-4.04 -23.87 19.83
-1.33 -23.72 22.39
-5.51 -23.54 18.03
-4.81 -23.79 18.98
-4.15 -24.40 20.25
-4.64 -23.72 19.08
-2.66 -23.60 20.93
-4.30 -24.41 20.11
-3.93 -23.96 20.03
-3.65 -23.58 19.93
-5.07 -25.26 20.19
-4.18 -24.26 20.07
-4.87 -23.56 18.69
-4.89 -23.64 18.75
-3.61 -24.38 20.77
-4.60 -23.48 18.88
-3.12 -24.86 21.75
-5.99 -23.82 17.83
-3.46 -24.42 20.96
-4.54 -24.89 20.35
-3.85 -24.85 21.00
-4.03 -24.42 20.40
-4.31 -23.93 19.62
-4.56 -23.77 19.21
-4.71 -24.02 19.31
-3.48 -23.27 19.79
-3.60 -24.61 21.02
-3.71 -23.95 20.23
-3.87 -25.00 21.13
-4.27 -24.51 20.24
-5.12 -23.18 18.06
-4.23 -23.49 19.26
-3.12 -24.83 21.71
-4.10 -24.49 20.39
-4.88 -24.28 19.40
-5.10 -23.67 18.57
-3.36 -24.67 21.31
-4.15 -24.21 20.06
-3.91 -24.12 20.21
-3.46 -23.80 20.34
-3.82 -23.96 20.14
0


iter 17
4.87 2.11 2.77
8.49 2.35 6.15
6.69 2.95 3.74
9.54 4.39 5.14
7.32 5.47 1.84
5.95 7.23 -1.28
8.14 9.30 -1.16
8.78 7.99 0.79
9.51 7.82 1.69
9.96 8.09 1.87
9.44 8.10 1.34
9.73 7.20 2.53
5.78 7.74 -1.96
9.72 8.09 1.63
9.64 7.65 2.00
7.12 7.69 -0.57
8.14 8.54 -0.40
9.57 7.96 1.61
10.41 8.37 2.03
9.31 8.22 1.09
11.54 6.54 5.00
11.46 6.84 4.62
10.17 7.49 2.69
10.78 8.38 2.41
11.29 8.29 3.00
11.16 7.85 3.31
10.74 8.10 2.64
12.06 8.14 3.92
12.35 7.23 5.12
13.71 7.49 6.22
12.57 8.05 4.52
13.65 8.15 5.50
14.00 7.82 6.18
13.31 7.80 5.51
13.17 9.26 3.91
14.29 7.74 6.56
12.73 7.12 5.61
12.87 8.38 4.50
13.57 7.79 5.78
12.78 8.08 4.70
12.27 7.89 4.37
11.28 8.53 2.75
12.38 8.29 4.09
11.63 8.36 3.27
11.18 7.88 3.29
10.00 8.14 1.86
9.77 8.95 0.82
11.00 8.81 2.20
11.53 7.38 4.15
10.46 6.74 3.72
9.14 5.80 3.34
8.10 4.67 3.43
8.84 3.69 5.15
7.80 3.26 4.55
7.72 2.14 5.58
6.78 1.21 5.57
4.73 0.60 4.13
4.29 0.07 4.22
0.74 -1.40 2.13
0.93 -1.87 2.80
-0.05 -4.32 4.27
-1.31 -5.71 4.40
-1.76 -6.63 4.87
-3.32 -7.80 4.48
-3.23 -8.56 5.33
-3.97 -9.60 5.63
-4.92 -9.71 4.78
-6.20 -10.54 4.34
-7.35 -11.98 4.63
-7.93 -12.82 4.88
-6.00 -14.55 8.55
-10.44 -15.01 4.56
-11.18 -15.25 4.06
-10.45 -15.21 4.76
-10.76 -17.26 6.50
-14.17 -18.58 4.41
-13.85 -19.47 5.62
-14.35 -20.37 6.01
-15.14 -21.44 6.30
-16.22 -21.35 5.12
-16.95 -21.75 4.81
-16.82 -22.18 5.36
-16.66 -23.58 6.91
-16.75 -24.84 8.09
-17.53 -26.23 8.70
-16.47 -27.00 10.53
-16.41 -26.82 10.41
-17.36 -27.35 9.99
-18.64 -27.56 8.92
-17.20 -26.45 9.25
-16.74 -26.70 9.96
-17.55 -27.08 9.52
-16.55 -26.78 10.23
-17.56 -25.85 8.29
-17.04 -26.93 9.89
-18.88 -27.18 8.30
-16.58 -26.33 9.75
-15.97 -26.44 10.48
-17.12 -26.86 9.74
-17.26 -26.89 9.63
-18.58 -27.17 8.59
-18.59 -27.64 9.05
-16.96 -27.56 10.60
-18.97 -26.43 7.46
-17.46 -26.81 9.35
-15.96 -26.60 10.64
-16.58 -27.60 11.02
-17.81 -27.48 9.67
-16.72 -26.63 9.91
-17.88 -26.29 8.41
-15.49 -26.61 11.11
-18.54 -27.24 8.71
-16.33 -26.82 10.49
-15.25 -26.38 11.12
-16.61 -25.81 9.20
-17.33 -27.31 9.98
-16.70 -26.83 10.14
-17.23 -27.36 10.13
-17.56 -26.79 9.22
-15.90 -26.50 10.60
-16.51 -27.69 11.18
-17.09 -26.67 9.58
-16.81 -27.54 10.73
-17.15 -27.23 10.08
-17.12 -26.37 9.25
-16.57 -27.95 11.37
0


iter 18
7.77 0.64 7.13
6.52 1.27 5.25
7.04 2.31 4.73
7.97 3.60 4.37
7.67 4.58 3.08
6.41 4.99 1.42
6.09 6.25 -0.16
5.62 7.69 -2.07
5.70 7.44 -1.74
5.36 8.60 -3.24
3.25 10.15 -6.90
4.40 11.42 -7.02
3.49 12.10 -8.61
5.79 13.03 -7.24
5.20 13.21 -8.00
4.08 12.16 -8.08
5.88 10.32 -4.44
3.99 9.83 -5.84
2.06 8.85 -6.78
2.30 7.00 -4.70
1.55 5.24 -3.69
0.90 3.25 -2.35
-1.11 2.53 -3.64
0.35 1.86 -1.51
-0.41 0.40 -0.81
-0.78 -1.13 0.35
-2.38 -0.20 -2.19
-1.66 0.31 -1.97
-1.14 0.39 -1.52
-1.97 1.49 -3.47
-0.32 0.31 -0.63
-1.97 -0.02 -1.96
-1.22 0.19 -1.40
-2.14 0.65 -2.79
0.41 0.03 0.38
-0.42 -0.63 0.21
-1.95 0.25 -2.20
-0.49 -0.48 -0.01
0.07 0.64 -0.57
0.51 -0.33 0.84
-0.79 0.02 -0.81
-0.62 -0.31 -0.31
-0.29 -0.66 0.37
0.74 0.19 0.55
-1.76 -0.13 -1.62
-0.69 0.05 -0.74
1.22 -0.38 1.60
-1.01 -0.63 -0.37
-0.00 0.04 -0.04
-0.98 -0.25 -0.73
1.97 -0.65 2.61
-0.35 -0.38 0.04
-0.84 -0.99 0.15
-0.05 -0.45 0.40
-0.29 -0.09 -0.20
0.07 -0.08 0.15
-1.36 -0.65 -0.71
-0.74 0.06 -0.80
-1.40 -0.04 -1.37
-0.76 -0.34 -0.42
2.15 -0.42 2.57
1.12 -1.13 2.25
-0.09 -0.26 0.17
0.63 -1.25 1.88
-1.89 -2.49 0.61
0.56 -2.57 3.13
-1.79 -3.41 1.62
0.82 -4.17 4.99
0.48 -4.70 5.18
-0.06 -5.80 5.74
-1.31 -6.03 4.73
-1.89 -8.54 6.66
-4.25 -10.06 5.81
-3.36 -10.99 7.63
-2.97 -12.07 9.10
-3.15 -12.23 9.08
-1.97 -13.99 12.02
-5.31 -14.45 9.14
-3.12 -15.40 12.28
-3.92 -17.03 13.11
-4.54 -16.63 12.09
-3.31 -16.73 13.42
-5.56 -15.75 10.19
-3.81 -16.41 12.60
-5.17 -15.68 10.51
-4.49 -16.23 11.74
-3.44 -15.94 12.51
-4.65 -16.52 11.87
-4.90 -15.17 10.28
-4.11 -16.36 12.25
-5.84 -16.23 10.39
-4.54 -15.57 11.03
-3.90 -15.38 11.48
-3.40 -16.62 13.22
-3.21 -16.35 13.14
-2.93 -17.29 14.36
-4.62 -16.84 12.22
-4.66 -15.93 11.28
-4.00 -16.74 12.74
-4.50 -15.42 10.92
-4.39 -16.41 12.02
-5.17 -15.88 10.70
-3.75 -15.66 11.91
-5.23 -16.27 11.05
-4.38 -16.62 12.23
-5.93 -16.37 10.44
-3.62 -15.81 12.20
-5.60 -15.87 10.27
-4.10 -15.07 10.97
-4.28 -16.01 11.73
-3.70 -15.60 11.90
-3.38 -15.99 12.61
-4.78 -16.05 11.28
-5.16 -15.67 10.51
-3.23 -15.88 12.64
-2.43 -14.79 12.36
-4.40 -15.49 11.09
-3.94 -16.30 12.36
-3.96 -16.20 12.24
-5.36 -15.56 10.20
-3.93 -16.73 12.80
-5.14 -15.46 10.33
-4.07 -15.48 11.42
-3.44 -16.42 12.99
-4.66 -16.02 11.36
-3.76 -15.41 11.65
0


iter 19
3.09 1.80 1.28
7.28 3.18 4.09
5.39 5.05 0.34
6.80 6.11 0.69
6.32 7.40 -1.09
5.86 8.39 -2.54
8.37 9.70 -1.33
7.42 9.79 -2.37
7.41 10.12 -2.71
9.02 9.54 -0.52
6.83 10.05 -3.22
8.99 9.77 -0.77
6.98 9.72 -2.74
8.19 10.97 -2.78
7.82 9.87 -2.05
7.15 10.50 -3.35
6.82 10.49 -3.67
8.94 10.00 -1.07
9.69 10.25 -0.56
7.61 9.69 -2.08
8.69 10.39 -1.70
8.73 10.28 -1.55
6.80 8.98 -2.18
9.07 9.88 -0.82
7.44 9.54 -2.09
8.01 10.00 -1.99
9.74 10.67 -0.92
7.68 10.24 -2.55
7.43 9.85 -2.42
6.81 9.72 -2.91
7.90 9.63 -1.72
6.86 9.78 -2.92
7.63 8.99 -1.36
7.90 6.59 1.30
5.52 5.72 -0.19
6.15 4.17 1.98
4.96 3.19 1.77
4.35 2.36 1.99
2.82 0.61 2.21
2.44 -0.14 2.57
1.79 -0.65 2.44
1.18 0.13 1.05
1.30 -0.32 1.62
0.31 -1.46 1.77
-0.50 -3.38 2.88
-1.74 -4.18 2.44
-2.03 -4.76 2.72
-1.98 -5.75 3.78
-2.65 -6.93 4.28
-2.71 -8.44 5.72
-3.55 -9.24 5.69
-2.85 -10.13 7.28
-5.37 -10.91 5.53
-3.82 -12.51 8.69
-2.48 -12.39 9.91
-5.24 -13.42 8.18
-5.43 -14.88 9.45
-6.22 -15.76 9.55
-6.45 -16.40 9.95
-9.41 -17.34 7.93
-9.49 -17.95 8.46
-7.31 -19.07 11.76
-8.17 -20.38 12.22
-7.88 -21.02 13.14
-9.65 -21.41 11.76
-8.94 -21.24 12.30
-8.98 -20.64 11.67
-9.78 -20.48 10.70
-8.01 -21.04 13.03
-8.34 -21.15 12.81
-8.22 -20.55 12.34
-7.40 -21.16 13.76
-9.49 -20.97 11.47
-10.29 -20.28 9.99
-9.87 -21.68 11.82
-10.49 -21.17 10.68
-8.93 -22.08 13.15
-8.98 -22.25 13.26
-12.75 -21.28 8.53
-7.87 -21.55 13.67
-9.90 -20.24 10.34
-8.78 -21.95 13.17
-10.85 -20.61 9.75
-8.59 -21.21 12.61
-9.45 -21.01 11.56
-9.72 -20.72 11.01
-10.16 -21.89 11.73
-11.97 -20.82 8.85
-10.54 -20.62 10.08
-9.87 -21.69 11.82
-9.59 -21.57 11.99
-10.58 -20.75 10.17
-7.49 -19.89 12.40
-7.99 -20.95 12.96
-9.22 -21.65 12.43
-8.33 -20.23 11.91
-8.93 -21.12 12.19
-10.01 -20.73 10.72
-10.34 -21.41 11.08
-11.04 -20.64 9.60
-8.39 -21.22 12.83
-9.69 -20.59 10.90
-9.73 -21.09 11.36
-7.74 -20.70 12.97
-8.18 -21.03 12.86
-9.87 -20.45 10.58
-7.74 -21.87 14.13
-8.60 -21.39 12.79
-9.84 -21.63 11.79
-8.18 -20.64 12.46
-8.22 -21.24 13.02
-8.84 -21.42 12.58
-9.21 -21.08 11.87
-9.57 -20.34 10.76
-7.81 -21.11 13.31
-9.85 -20.30 10.45
-8.68 -21.12 12.44
-10.05 -20.36 10.31
-8.82 -20.97 12.15
-9.20 -20.77 11.56
-9.47 -21.07 11.60
-9.11 -20.73 11.62
-8.23 -21.07 12.84
-8.29 -20.43 12.15
-9.78 -21.05 11.27
-9.33 -20.31 10.98
0


iter 20
5.53 1.53 4.00
4.91 2.79 2.13
3.18 3.08 0.10
4.43 3.43 0.99
3.60 4.86 -1.27
4.22 5.97 -1.74
5.09 7.08 -1.99
5.03 7.39 -2.36
5.70 8.57 -2.86
5.37 9.35 -3.98
4.66 10.32 -5.65
4.06 11.22 -7.16
5.46 12.07 -6.61
2.91 13.12 -10.21
4.98 13.66 -8.68
5.44 15.54 -10.09
4.20 16.21 -12.01
4.91 16.80 -11.89
4.27 17.70 -13.43
3.77 18.66 -14.89
5.29 20.16 -14.87
4.71 20.78 -16.07
3.33 19.46 -16.13
5.67 18.13 -12.46
4.09 17.61 -13.52
2.37 18.05 -15.68
3.85 17.34 -13.49
4.49 16.90 -12.41
4.54 15.63 -11.08
2.58 15.00 -12.42
3.08 14.70 -11.62
-0.34 14.29 -14.63
2.81 13.64 -10.83
2.73 12.14 -9.41
2.13 11.27 -9.14
0.89 10.98 -10.09
0.09 9.30 -9.21
1.15 8.60 -7.45
-1.92 7.81 -9.73
0.59 7.31 -6.71
0.10 6.53 -6.43
-0.54 5.32 -5.85
-0.73 3.70 -4.43
-1.55 3.05 -4.60
-0.69 2.84 -3.53
-1.41 1.41 -2.82
-1.45 0.97 -2.42
-1.78 -0.07 -1.71
-2.51 -1.05 -1.46
-1.88 -2.35 0.47
-0.91 -3.48 2.57
-2.40 -4.93 2.53
-3.35 -5.37 2.01
-1.00 -7.21 6.21
-2.39 -7.94 5.55
-2.90 -8.62 5.72
-1.24 -9.60 8.36
-2.40 -9.89 7.49
-2.28 -11.91 9.63
-1.60 -13.04 11.44
-4.57 -13.64 9.07
-4.03 -14.43 10.41
-3.94 -15.03 11.09
-3.68 -16.00 12.32
-3.49 -17.86 14.37
-4.15 -18.75 14.59
-6.65 -19.80 13.15
-5.17 -20.13 14.96
-3.17 -22.16 18.98
-5.07 -22.94 17.87
-4.29 -23.69 19.40
-6.40 -24.89 18.49
-5.57 -25.53 19.96
-4.42 -26.84 22.42
-6.55 -27.83 21.28
-7.24 -28.42 21.18
-6.26 -27.90 21.64
-6.49 -27.55 21.06
-3.99 -28.40 24.41
-5.40 -27.26 21.87
-6.56 -28.00 21.44
-6.86 -29.03 22.17
-6.93 -27.37 20.44
-4.94 -28.12 23.18
-4.77 -27.37 22.60
-6.18 -27.92 21.74
-4.39 -27.96 23.56
-5.73 -28.10 22.36
-6.54 -28.62 22.09
-6.45 -29.12 22.67
-7.14 -28.40 21.25
-6.91 -28.44 21.53
-6.64 -29.24 22.60
-6.09 -27.23 21.14
-4.88 -27.82 22.94
-4.91 -27.49 22.58
-5.21 -28.09 22.88
-4.93 -27.78 22.85
-5.30 -28.54 23.24
-4.29 -28.05 23.76
-5.79 -27.75 21.96
-6.02 -27.81 21.80
-5.81 -28.70 22.89
-5.72 -28.33 22.61
-3.83 -27.60 23.76
-7.04 -27.95 20.91
-6.29 -29.17 22.88
-7.82 -28.04 20.21
-4.82 -28.61 23.79
-6.71 -28.15 21.44
-4.83 -28.47 23.64
-4.01 -27.46 23.46
-5.86 -28.11 22.26
-5.09 -27.23 22.14
-6.97 -27.78 20.81
-5.97 -27.06 21.09
-5.97 -27.77 21.80
-7.36 -28.18 20.82
-5.75 -28.60 22.85
-6.57 -27.88 21.32
-4.03 -28.61 24.58
-7.67 -28.07 20.40
-5.59 -27.77 22.19
-6.84 -27.17 20.33
-7.03 -28.57 21.54
-5.60 -27.20 21.60
0


iter 21
9.70 1.45 8.25
10.15 3.15 7.00
8.44 4.68 3.75
9.02 5.87 3.15
7.86 6.24 1.63
8.80 7.55 1.25
6.76 8.40 -1.64
7.70 8.02 -0.31
6.44 8.25 -1.81
7.98 10.19 -2.22
9.04 11.00 -1.96
9.49 11.21 -1.72
9.37 12.73 -3.36
9.26 13.87 -4.61
10.50 14.91 -4.41
10.39 14.85 -4.46
8.94 15.54 -6.59
7.91 16.38 -8.47
5.11 15.22 -10.12
6.93 15.93 -9.00
8.20 16.01 -7.81
7.85 16.25 -8.40
7.50 16.23 -8.72
6.72 16.60 -9.88
6.10 16.07 -9.97
7.36 16.08 -8.72
8.22 15.99 -7.76
6.46 15.94 -9.48
7.04 14.69 -7.64
5.06 13.49 -8.43
6.14 12.72 -6.58
5.43 11.24 -5.82
6.13 10.07 -3.95
5.72 9.55 -3.83
3.69 8.95 -5.26
3.56 7.59 -4.03
4.24 6.82 -2.58
2.37 5.43 -3.06
3.12 4.01 -0.89
2.42 3.26 -0.84
3.49 1.38 2.11
1.96 0.40 1.56
0.85 -0.82 1.66
0.65 -2.23 2.88
-0.64 -3.28 2.64
-0.37 -3.72 3.36
-2.08 -4.39 2.30
-1.55 -4.75 3.20
-4.01 -6.09 2.08
-5.78 -6.68 0.90
-6.55 -7.58 1.03
-6.20 -7.97 1.77
-5.45 -9.20 3.75
-7.21 -8.57 1.36
-5.74 -9.53 3.79
-6.78 -10.62 3.84
-7.36 -9.82 2.46
-7.03 -9.26 2.23
-5.73 -9.25 3.52
-4.80 -8.73 3.93
-4.00 -8.77 4.77
-4.44 -8.36 3.92
-2.26 -8.89 6.63
-3.31 -9.34 6.03
-3.85 -9.16 5.30
-2.64 -8.50 5.86
-1.51 -9.15 7.65
-0.52 -8.86 8.34
-0.76 -8.93 8.17
-0.94 -9.11 8.17
-4.14 -8.64 4.50
-0.43 -9.51 9.07
-0.73 -9.33 8.59
-1.26 -9.13 7.88
2.31 -9.55 11.86
-0.58 -9.38 8.80
-0.05 -8.96 8.91
1.23 -9.29 10.52
0.10 -9.17 9.27
-0.79 -9.45 8.66
0.36 -8.52 8.89
0.61 -9.89 10.50
-0.46 -8.85 8.38
0.79 -8.56 9.34
0.14 -8.77 8.92
1.95 -8.92 10.87
-1.44 -9.62 8.18
-0.49 -9.89 9.40
-1.35 -9.16 7.81
-1.77 -9.57 7.80
-0.69 -9.85 9.17
-2.14 -8.84 6.70
-0.77 -8.37 7.60
-1.09 -8.54 7.45
-1.13 -9.22 8.09
-2.00 -9.65 7.66
-3.31 -8.66 5.34
-1.87 -8.94 7.07
-1.85 -9.35 7.50
-2.36 -9.05 6.70
-1.46 -9.81 8.35
-1.64 -9.01 7.37
-1.61 -8.90 7.29
-1.68 -9.16 7.48
-1.51 -8.88 7.36
-0.37 -8.03 7.66
-0.10 -8.66 8.56
-0.82 -9.50 8.68
-1.25 -8.40 7.14
-1.59 -8.76 7.18
-1.46 -9.51 8.05
0.17 -9.32 9.50
-3.21 -9.35 6.14
-0.88 -9.40 8.53
-2.14 -9.40 7.26
-2.05 -8.51 6.46
-2.28 -8.70 6.42
-0.45 -9.49 9.04
-1.44 -8.62 7.18
-0.80 -8.91 8.11
-1.20 -7.97 6.78
-1.71 -8.34 6.63
-2.98 -8.78 5.80
-0.84 -9.01 8.17
-1.77 -8.50 6.73
-1.40 -9.13 7.73
0


iter 22
2.10 1.75 0.35
3.52 2.73 0.79
3.98 3.54 0.44
3.66 3.81 -0.15
5.11 4.30 0.81
5.64 5.23 0.41
3.19 6.47 -3.28
3.50 7.31 -3.81
4.34 8.20 -3.86
6.44 10.15 -3.70
6.84 11.34 -4.50
7.52 12.76 -5.24
7.83 13.27 -5.44
9.47 14.83 -5.36
9.71 16.18 -6.48
10.42 17.78 -7.36
11.02 18.04 -7.02
12.92 18.38 -5.47
12.78 18.82 -6.04
14.23 18.56 -4.33
12.04 19.15 -7.11
14.05 19.48 -5.43
13.71 19.01 -5.30
13.17 19.27 -6.10
13.44 18.74 -5.29
13.31 18.74 -5.43
13.41 18.64 -5.22
13.62 18.95 -5.33
15.50 19.67 -4.17
15.40 19.52 -4.12
16.57 18.16 -1.59
14.16 18.88 -4.71
14.34 18.70 -4.36
13.68 19.10 -5.42
15.46 17.73 -2.27
13.86 16.22 -2.36
11.20 15.61 -4.42
10.63 13.74 -3.11
8.36 13.35 -4.99
7.84 12.33 -4.49
7.11 10.95 -3.84
4.78 9.48 -4.70
3.61 8.70 -5.09
3.34 8.06 -4.71
1.66 7.31 -5.64
0.35 5.63 -5.28
-0.53 4.85 -5.38
0.32 3.79 -3.47
-2.77 2.62 -5.39
-3.75 1.37 -5.12
-3.32 0.98 -4.30
-3.44 0.08 -3.52
-5.03 -1.83 -3.21
-8.09 -2.78 -5.31
-6.21 -4.02 -2.19
-6.73 -4.77 -1.96
-8.37 -6.46 -1.91
-10.00 -7.36 -2.64
-7.54 -8.97 1.42
-8.33 -11.02 2.69
-5.57 -12.57 7.00
-8.40 -13.45 5.06
-9.41 -13.79 4.38
-10.10 -14.63 4.54
-7.80 -16.07 8.27
-10.87 -16.73 5.86
-8.65 -19.11 10.46
-11.14 -20.27 9.13
-10.69 -20.83 10.14
-12.54 -23.08 10.54
-14.54 -24.68 10.15
-17.21 -25.50 8.29
-15.38 -24.94 9.56
-16.30 -25.20 8.90
-17.33 -24.73 7.39
-15.37 -25.20 9.83
-18.06 -26.37 8.31
-18.18 -27.10 8.92
-18.14 -26.01 7.86
-17.91 -25.54 7.63
-17.83 -26.10 8.27
-18.63 -25.83 7.20
-17.26 -26.36 9.10
-18.49 -25.80 7.31
-17.88 -25.24 7.35
-16.93 -26.64 9.71
-17.27 -25.61 8.34
-18.13 -26.02 7.89
-19.62 -25.33 5.70
-15.73 -26.54 10.81
-18.97 -25.78 6.81
-18.56 -25.93 7.37
-18.01 -25.53 7.52
-17.65 -25.72 8.07
-17.48 -26.20 8.72
-19.47 -26.20 6.73
-17.94 -26.53 8.59
-17.73 -25.88 8.15
-16.83 -25.75 8.92
-18.14 -26.05 7.91
-19.36 -25.91 6.55
-17.91 -26.44 8.54
-18.81 -26.34 7.53
-18.96 -25.73 6.78
-17.20 -25.91 8.71
-18.78 -24.88 6.09
-18.61 -26.13 7.51
-18.52 -25.77 7.25
-17.19 -26.35 9.16
-17.13 -25.59 8.46
-19.61 -25.53 5.93
-16.97 -25.58 8.61
-18.55 -26.40 7.84
-16.63 -25.83 9.20
-19.40 -25.95 6.56
-17.35 -25.99 8.64
-19.34 -25.62 6.28
-16.55 -25.79 9.24
-18.17 -26.24 8.07
-18.29 -26.31 8.02
-19.22 -25.87 6.65
-17.02 -25.24 8.22
-17.84 -26.41 8.58
-17.53 -25.94 8.41
-17.39 -25.74 8.35
-18.28 -26.03 7.75
0


iter 23
1.89 1.49 0.40
4.21 2.20 2.01
3.33 3.18 0.16
4.96 4.17 0.79
3.36 4.41 -1.04
4.34 5.20 -0.87
2.68 6.69 -4.01
3.82 6.95 -3.14
2.47 7.98 -5.51
3.42 8.76 -5.34
4.16 8.37 -4.21
4.47 6.98 -2.51
2.87 5.99 -3.12
3.15 4.34 -1.19
1.76 3.67 -1.91
2.07 2.78 -0.71
2.28 2.25 0.04
4.26 1.93 2.33
2.62 0.80 1.82
2.28 0.24 2.04
0.98 -0.62 1.61
0.69 -0.11 0.80
1.18 -0.14 1.33
3.33 -0.34 3.67
2.00 0.02 1.97
2.37 0.15 2.22
-0.65 -0.51 -0.14
2.36 -0.70 3.06
1.22 1.02 0.19
1.13 -0.02 1.15
2.10 -0.27 2.37
1.90 -0.17 2.07
2.74 -0.65 3.39
0.88 0.55 0.34
1.10 -0.05 1.15
1.85 -0.07 1.93
0.84 -0.17 1.01
2.42 -0.01 2.43
0.81 0.31 0.50
1.94 0.51 1.43
2.71 -0.02 2.73
2.01 0.59 1.42
0.99 0.33 0.66
1.97 0.52 1.46
1.47 -0.55 2.02
0.85 -0.43 1.28
0.83 -0.53 1.36
2.17 0.12 2.05
2.26 -0.53 2.79
-0.29 -0.27 -0.02
3.42 -0.63 4.05
0.69 0.66 0.03
2.32 -0.50 2.82
2.76 0.32 2.43
3.07 0.01 3.05
2.56 0.10 2.46
1.70 -0.01 1.71
1.48 0.63 0.86
1.57 -0.20 1.78
-0.20 0.38 -0.58
0.95 -0.78 1.73
1.37 -0.44 1.80
0.98 -0.29 1.26
-0.06 0.53 -0.59
2.53 -0.54 3.07
-1.27 -0.77 -0.50
0.55 -0.61 1.15
0.83 0.11 0.72
0.98 -0.49 1.46
0.62 0.95 -0.33
1.25 -0.85 2.09
-0.04 -1.22 1.18
0.44 -0.84 1.27
0.29 0.03 0.26
-0.13 0.42 -0.55
1.26 0.67 0.59
1.22 0.57 0.65
0.20 0.17 0.03
-1.08 -0.39 -0.69
0.85 -0.06 0.91
1.53 0.50 1.03
0.57 -0.49 1.06
1.70 -0.48 2.18
-1.64 1.45 -3.08
2.78 0.58 2.19
0.40 -0.16 0.56
1.36 0.03 1.33
1.20 0.44 0.76
0.10 0.74 -0.64
1.13 -0.20 1.33
1.35 0.21 1.14
2.04 0.60 1.44
0.21 -0.12 0.33
0.27 -0.21 0.48
0.12 0.94 -0.82
1.96 -0.49 2.45
1.29 0.08 1.21
0.59 0.30 0.29
0.80 -0.20 1.00
1.58 0.10 1.48
-0.29 0.20 -0.49
1.68 -0.18 1.86
-0.39 -0.00 -0.39
2.23 0.76 1.48
1.14 0.45 0.69
-1.37 0.24 -1.61
-0.77 0.32 -1.09
0.03 0.68 -0.65
1.35 -0.91 2.26
0.69 0.01 0.69
0.70 -0.18 0.88
0.41 0.28 0.13
1.79 0.22 1.57
0.52 0.19 0.33
0.59 -0.48 1.07
0.89 0.20 0.68
2.78 0.40 2.37
-0.47 0.38 -0.85
0.47 -0.87 1.34
1.31 -2.07 3.38
0.16 -2.75 2.91
-0.91 -3.92 3.00
-0.76 -6.06 5.30
-1.99 -6.93 4.94
-2.27 -8.40 6.13
-1.53 -9.64 8.11
0


iter 24
4.98 1.05 3.93
6.56 2.39 4.17
5.14 3.72 1.43
4.25 4.90 -0.65
6.02 6.49 -0.47
4.85 6.67 -1.82
6.14 7.89 -1.75
4.78 7.65 -2.88
4.76 8.35 -3.59
4.05 9.46 -5.41
3.50 10.54 -7.04
7.56 10.62 -3.06
5.90 11.57 -5.67
5.84 12.22 -6.38
4.16 13.02 -8.87
4.88 13.82 -8.94
4.52 14.55 -10.03
7.29 15.55 -8.26
7.72 16.49 -8.78
5.31 17.25 -11.93
5.52 18.70 -13.18
7.37 19.06 -11.69
6.94 19.06 -12.12
5.23 19.17 -13.94
6.14 18.18 -12.04
4.16 17.40 -13.24
4.19 17.19 -13.00
5.45 15.63 -10.17
2.66 14.23 -11.57
1.77 12.96 -11.19
2.80 12.00 -9.19
1.65 11.26 -9.61
2.95 10.58 -7.63
1.76 9.20 -7.44
3.02 9.35 -6.33
1.62 8.06 -6.44
2.64 7.72 -5.08
2.43 5.96 -3.53
2.45 5.46 -3.01
0.32 3.92 -3.60
-0.29 2.94 -3.23
0.10 1.79 -1.69
-0.96 0.21 -1.18
1.03 -0.57 1.60
0.84 -2.60 3.44
-1.24 -2.84 1.60
-1.79 -3.80 2.01
-1.56 -5.57 4.01
-0.65 -6.95 6.30
-1.95 -8.16 6.20
-3.09 -9.34 6.26
-3.44 -10.93 7.49
-3.44 -11.94 8.50
-6.79 -12.40 5.61
-3.06 -14.08 11.02
-4.26 -13.96 9.70
-7.20 -15.22 8.02
-5.74 -15.56 9.82
-3.99 -16.92 12.93
-4.36 -18.26 13.90
-6.39 -19.87 13.48
-5.21 -20.88 15.67
-4.78 -21.30 16.52
-6.67 -23.42 16.75
-8.99 -23.68 14.69
-6.64 -23.96 17.32
-6.09 -24.75 18.66
-6.24 -24.26 18.02
-6.30 -26.08 19.78
-7.21 -24.73 17.51
-6.68 -24.66 17.98
-5.40 -26.07 20.67
-8.79 -26.67 17.88
-7.56 -25.16 17.60
-7.82 -25.04 17.22
-5.41 -24.97 19.57
-6.06 -25.44 19.38
-6.09 -24.69 18.60
-7.97 -25.01 17.03
-6.51 -25.18 18.67
-6.98 -24.60 17.62
-5.37 -24.82 19.44
-6.88 -24.76 17.89
-7.31 -25.74 18.43
-7.77 -24.95 17.18
-7.34 -23.84 16.50
-7.53 -24.41 16.88
-6.15 -25.11 18.96
-7.05 -24.68 17.64
-8.36 -24.61 16.25
-6.81 -25.34 18.53
-7.22 -25.44 18.22
-6.50 -25.26 18.76
-5.82 -24.76 18.94
-6.52 -25.49 18.97
-6.21 -24.75 18.54
-7.60 -25.47 17.88
-6.81 -24.87 18.06
-7.58 -24.58 17.00
-8.86 -25.95 17.09
-6.99 -25.60 18.61
-4.80 -24.20 19.40
-8.01 -25.55 17.54
-6.87 -25.08 18.21
-7.26 -24.94 17.68
-5.85 -25.30 19.45
-7.03 -25.02 17.99
-6.80 -25.16 18.36
-6.46 -24.86 18.40
-5.37 -25.23 19.86
-6.50 -24.27 17.76
-7.45 -25.28 17.82
-7.59 -24.81 17.22
-7.49 -25.02 17.53
-8.98 -24.65 15.67
-7.76 -25.21 17.45
-7.22 -24.92 17.70
-8.13 -24.63 16.50
-6.51 -25.77 19.26
-8.20 -25.05 16.84
-7.16 -25.30 18.14
-8.15 -24.83 16.68
-6.49 -24.74 18.25
-7.37 -24.04 16.67
-6.75 -24.40 17.64
-5.66 -24.57 18.91
0


iter 25
6.93 1.68 5.25
10.29 2.92 7.37
10.79 3.46 7.34
8.91 4.62 4.29
8.84 6.07 2.77
9.03 6.89 2.14
8.45 7.32 1.13
6.33 7.74 -1.41
6.34 9.63 -3.30
4.14 11.14 -7.00
4.09 12.29 -8.19
2.35 13.65 -11.30
2.84 14.68 -11.85
4.20 13.28 -9.09
3.64 11.89 -8.25
1.68 10.97 -9.30
4.11 9.47 -5.36
0.62 8.61 -7.99
1.97 7.77 -5.80
2.38 7.73 -5.35
2.45 6.50 -4.05
2.68 4.93 -2.24
2.26 2.88 -0.63
0.82 1.04 -0.22
0.45 1.04 -0.59
-0.29 0.30 -0.59
1.16 0.01 1.15
-0.70 0.12 -0.82
0.81 0.51 0.30
1.92 -0.20 2.12
-1.23 -0.00 -1.22
-0.78 0.77 -1.55
0.03 0.73 -0.70
-1.82 0.30 -2.11
-0.22 -0.14 -0.08
0.32 -0.27 0.59
1.02 -0.21 1.23
0.19 -0.25 0.43
-1.63 -0.17 -1.47
0.46 -0.88 1.33
-0.22 0.41 -0.63
0.21 0.00 0.21
-0.02 0.28 -0.30
0.12 -0.72 0.85
-0.28 0.10 -0.38
1.15 -0.12 1.27
1.02 0.30 0.72
0.30 -0.07 0.37
-0.80 -0.46 -0.33
-0.83 0.82 -1.65
0.50 0.29 0.21
0.60 0.07 0.53
-0.77 0.19 -0.96
0.46 -1.18 1.64
-1.56 -2.70 1.14
-2.65 -4.52 1.87
-4.27 -5.27 1.00
-3.67 -6.55 2.89
-4.90 -7.25 2.35
-4.05 -8.58 4.53
-4.64 -7.92 3.28
-4.23 -8.19 3.96
-4.27 -7.77 3.51
-3.22 -8.59 5.37
-5.14 -8.90 3.76
-4.58 -7.92 3.34
-4.19 -8.08 3.90
-4.55 -7.90 3.35
-2.79 -8.76 5.97
-4.50 -8.97 4.47
-2.37 -7.89 5.52
-5.16 -8.65 3.49
-3.29 -8.06 4.77
-5.76 -7.24 1.47
-3.87 -7.58 3.71
-3.26 -7.64 4.38
-2.96 -7.74 4.78
-5.63 -8.16 2.54
-4.68 -7.80 3.12
-3.63 -9.24 5.61
-3.64 -8.11 4.46
-4.19 -8.48 4.30
-5.00 -8.33 3.34
-3.44 -6.97 3.53
-5.27 -9.05 3.78
-4.51 -7.33 2.83
-5.60 -7.87 2.27
-5.69 -8.30 2.61
-4.24 -7.76 3.52
-2.70 -7.14 4.44
-3.34 -7.75 4.41
-5.09 -8.21 3.12
-3.72 -7.12 3.40
-3.15 -7.58 4.43
-3.43 -7.86 4.43
-4.84 -7.55 2.71
-3.73 -7.26 3.53
-3.46 -7.59 4.14
-2.81 -8.63 5.83
-7.44 -6.98 -0.45
-3.23 -8.47 5.24
-4.35 -7.41 3.06
-4.34 -8.81 4.47
-3.54 -8.31 4.77
-4.95 -7.84 2.90
-3.58 -9.08 5.50
-3.72 -7.58 3.87
-4.41 -7.71 3.30
-5.12 -8.85 3.73
-5.37 -7.36 1.98
-2.43 -7.76 5.33
-2.82 -8.33 5.51
-4.37 -9.08 4.71
-4.38 -7.85 3.47
-3.27 -8.62 5.35
-3.79 -7.98 4.19
-4.34 -8.09 3.74
-4.78 -8.04 3.26
-3.31 -8.74 5.43
-3.85 -7.72 3.87
-4.18 -8.35 4.17
-3.52 -8.56 5.04
-4.26 -7.98 3.72
-5.74 -7.86 2.12
-3.88 -7.71 3.83
-3.98 -7.52 3.54
0


iter 26
10.51 1.78 8.73
9.19 3.35 5.83
10.56 3.57 6.99
9.68 4.37 5.31
8.56 3.92 4.64
9.37 4.67 4.70
9.21 5.82 3.40
7.27 6.71 0.56
7.57 7.61 -0.04
8.13 8.32 -0.18
8.78 10.64 -1.86
9.62 11.81 -2.19
10.42 12.66 -2.24
11.73 13.76 -2.03
8.76 14.60 -5.83
9.83 15.88 -6.05
10.11 16.56 -6.45
8.45 17.06 -8.61
9.14 17.36 -8.23
9.58 17.73 -8.15
7.45 18.40 -10.95
8.34 19.50 -11.16
10.38 19.82 -9.44
8.97 20.13 -11.16
10.77 21.20 -10.43
13.30 21.68 -8.37
12.56 22.36 -9.79
14.51 23.16 -8.66
15.10 23.79 -8.69
14.91 24.80 -9.89
18.04 25.00 -6.96
17.36 26.64 -9.28
17.50 26.25 -8.75
19.73 24.97 -5.24
16.83 24.02 -7.19
15.97 23.20 -7.23
16.22 21.83 -5.61
12.79 20.37 -7.58
11.20 18.98 -7.78
10.27 17.28 -7.01
6.94 16.71 -9.78
5.88 15.92 -10.04
4.36 15.29 -10.93
6.24 14.35 -8.11
4.55 12.30 -7.74
3.93 10.86 -6.93
2.63 9.54 -6.91
2.67 9.37 -6.69
0.63 8.50 -7.87
-1.29 7.19 -8.48
-1.00 5.72 -6.72
-2.96 5.23 -8.19
-3.45 4.45 -7.91
-3.85 2.92 -6.77
-3.43 1.63 -5.06
-6.30 0.95 -7.26
-6.23 0.07 -6.30
-6.12 -1.18 -4.94
-7.06 -1.73 -5.33
-6.34 -2.24 -4.10
-8.69 -2.97 -5.72
-7.52 -3.26 -4.25
-7.93 -4.62 -3.30
-6.89 -5.23 -1.66
-6.38 -6.85 0.48
-6.21 -8.08 1.87
-7.46 -9.12 1.66
-7.62 -10.27 2.64
-8.08 -10.55 2.47
-6.82 -11.44 4.61
-7.95 -12.27 4.32
-6.93 -13.53 6.60
-9.41 -14.55 5.14
-8.70 -15.60 6.91
-10.53 -17.03 6.51
-12.32 -18.02 5.70
-14.45 -19.45 5.00
-14.59 -20.01 5.42
-15.40 -20.55 5.15
-16.89 -18.66 1.76
-14.64 -19.26 4.62
-17.88 -19.94 2.06
-17.36 -20.64 3.28
-17.58 -20.46 2.88
-17.70 -19.64 1.94
-17.68 -19.83 2.16
-16.73 -19.90 3.17
-17.17 -19.92 2.75
-16.43 -20.01 3.58
-15.99 -19.75 3.75
-16.80 -19.87 3.08
-16.18 -19.49 3.31
-16.78 -19.59 2.81
-18.46 -20.36 1.90
-15.83 -21.04 5.21
-17.79 -20.26 2.47
-17.48 -21.17 3.69
-17.70 -20.89 3.19
-17.91 -19.55 1.64
-16.96 -19.45 2.50
-16.55 -20.69 4.13
-17.54 -19.66 2.13
-16.63 -19.96 3.33
-16.45 -20.26 3.80
-15.28 -19.83 4.56
-16.55 -19.70 3.15
-15.65 -19.52 3.86
-16.27 -20.48 4.21
-17.42 -19.97 2.55
-15.63 -19.39 3.76
-13.72 -19.37 5.65
-13.67 -19.18 5.52
-14.63 -20.46 5.83
-16.16 -19.99 3.83
-17.83 -19.31 1.49
-14.73 -19.59 4.87
-14.43 -20.24 5.81
-18.03 -20.51 2.47
-16.02 -19.27 3.26
-13.43 -20.06 6.63
-16.22 -19.93 3.72
-16.19 -19.07 2.88
-14.21 -20.01 5.80
-14.58 -19.81 5.23
-15.90 -20.34 4.43
-16.50 -19.92 3.42
0


iter 27
10.78 1.08 9.69
12.23 2.67 9.56
10.98 4.07 6.91
9.29 5.81 3.48
8.30 6.33 1.97
7.64 6.88 0.76
7.63 8.38 -0.75
8.60 9.31 -0.71
9.72 10.47 -0.76
11.91 11.97 -0.06
12.31 13.22 -0.91
12.23 13.13 -0.89
13.54 13.85 -0.32
12.19 14.21 -2.02
13.04 15.19 -2.15
12.23 16.42 -4.19
14.01 18.32 -4.31
12.88 18.88 -6.01
11.05 20.60 -9.54
9.12 20.70 -11.58
8.75 21.28 -12.53
8.17 20.62 -12.44
5.18 21.08 -15.90
4.32 21.91 -17.58
6.91 21.18 -14.27
6.39 19.83 -13.44
4.94 18.81 -13.87
4.82 17.83 -13.01
5.33 17.67 -12.34
4.07 17.12 -13.05
5.72 16.00 -10.28
6.59 15.53 -8.93
5.69 16.02 -10.33
2.35 15.90 -13.55
4.86 14.89 -10.03
6.88 13.85 -6.97
5.66 12.62 -6.96
4.75 11.70 -6.95
4.85 10.42 -5.57
5.57 9.11 -3.54
2.37 8.64 -6.27
3.24 7.83 -4.59
1.84 6.88 -5.04
2.65 6.18 -3.53
2.12 5.77 -3.65
1.75 4.65 -2.90
2.95 3.47 -0.52
1.92 2.86 -0.94
-1.18 2.15 -3.33
-0.15 1.73 -1.88
-0.35 0.37 -0.72
-0.73 -0.80 0.06
-1.89 -1.71 -0.18
-3.16 -2.70 -0.46
-2.17 -3.38 1.21
-4.26 -3.57 -0.69
-5.60 -4.65 -0.95
-3.14 -5.08 1.94
-5.90 -6.52 0.62
-4.93 -6.67 1.75
-5.63 -6.94 1.31
-4.27 -8.13 3.86
-4.65 -7.16 2.51
-3.63 -6.90 3.26
-3.08 -7.08 4.00
-4.42 -6.88 2.46
-1.98 -5.98 4.00
-1.65 -6.48 4.83
-2.62 -7.40 4.78
-2.39 -6.76 4.37
-1.91 -7.80 5.89
-1.06 -6.71 5.65
-0.29 -7.04 6.76
0.32 -6.48 6.80
-0.75 -6.72 5.96
1.28 -6.28 7.56
0.21 -6.95 7.16
-0.49 -7.65 7.16
-0.28 -7.23 6.95
0.95 -7.15 8.09
-1.17 -7.71 6.54
0.21 -7.34 7.55
0.54 -7.04 7.57
1.57 -7.13 8.70
1.23 -6.11 7.33
2.21 -7.82 10.04
2.28 -6.76 9.04
0.05 -7.16 7.21
0.57 -7.00 7.58
-1.91 -7.18 5.27
-0.77 -7.33 6.56
-0.54 -7.21 6.66
-2.27 -7.59 5.32
-1.71 -7.43 5.72
-1.92 -8.29 6.37
-1.60 -6.83 5.23
-1.34 -6.39 5.04
-1.20 -6.87 5.68
-1.25 -6.45 5.21
-3.33 -6.54 3.21
-1.00 -6.10 5.10
-2.80 -7.21 4.41
-3.14 -7.38 4.24
-3.84 -7.24 3.39
-3.01 -6.98 3.97
-4.92 -6.61 1.70
-3.33 -7.14 3.81
-4.41 -6.46 2.05
-2.90 -6.95 4.05
-5.79 -7.14 1.35
-4.54 -6.43 1.89
-4.05 -6.64 2.59
-2.57 -7.53 4.96
-3.21 -6.40 3.19
-4.43 -6.94 2.51
-3.22 -7.87 4.65
-4.62 -7.11 2.50
-2.08 -7.26 5.18
-5.20 -6.97 1.77
-3.64 -6.08 2.44
-4.59 -8.74 4.15
-4.42 -7.57 3.15
-4.34 -6.48 2.14
-4.40 -6.60 2.20
-4.20 -7.45 3.26
-3.24 -6.40 3.15
0


iter 28
7.49 0.59 6.90
7.65 2.34 5.32
6.26 2.70 3.57
7.70 3.62 4.08
5.90 4.10 1.80
5.82 4.86 0.96
5.28 6.24 -0.96
3.95 7.42 -3.47
4.99 7.69 -2.70
6.68 9.15 -2.48
6.59 9.64 -3.06
5.48 10.88 -5.40
5.48 11.18 -5.70
6.67 12.30 -5.63
5.94 13.51 -7.57
6.54 15.14 -8.60
7.11 16.73 -9.62
6.45 15.87 -9.42
7.24 15.57 -8.33
4.98 14.31 -9.33
6.22 13.05 -6.83
4.68 12.55 -7.87
5.08 11.78 -6.70
4.75 10.92 -6.17
2.74 9.95 -7.20
0.76 9.09 -8.33
2.62 8.07 -5.45
1.55 7.33 -5.78
0.92 5.83 -4.91
-0.74 5.75 -6.50
0.66 4.62 -3.96
-0.87 3.34 -4.21
-1.29 1.96 -3.25
-1.69 1.49 -3.18
-0.85 0.22 -1.07
-3.13 1.11 -4.25
-1.28 0.74 -2.02
-1.32 -0.04 -1.28
-2.04 0.99 -3.03
-1.97 0.20 -2.17
-2.08 1.00 -3.08
-1.72 0.77 -2.49
-0.55 0.88 -1.42
-2.72 0.95 -3.67
-1.13 0.59 -1.72
-1.12 0.05 -1.16
-2.22 -1.00 -1.22
-3.01 -1.60 -1.41
-0.32 -3.40 3.08
-1.75 -4.80 3.04
-2.67 -5.40 2.73
-3.00 -5.98 2.98
-4.79 -6.35 1.57
-3.41 -7.20 3.79
-4.64 -8.50 3.86
-4.07 -9.48 5.41
-5.94 -10.42 4.48
-5.01 -10.71 5.71
-4.25 -11.45 7.19
-5.20 -11.16 5.96
-3.15 -12.07 8.92
-6.20 -11.96 5.76
-5.30 -12.17 6.87
-4.29 -11.90 7.61
-3.43 -11.21 7.77
-5.83 -11.85 6.02
-3.28 -12.01 8.72
-5.83 -11.73 5.90
-5.00 -11.21 6.20
-4.84 -11.27 6.44
-4.86 -12.02 7.16
-4.72 -11.92 7.20
-5.55 -12.66 7.11
-6.17 -11.24 5.08
-6.53 -11.96 5.43
-5.75 -12.56 6.81
-6.08 -12.40 6.32
-5.97 -11.26 5.29
-4.47 -11.88 7.41
-6.96 -12.18 5.22
-6.85 -11.19 4.34
-5.09 -12.65 7.56
-8.42 -12.40 3.98
-6.30 -10.87 4.56
-6.59 -12.43 5.84
-7.29 -11.95 4.66
-7.90 -12.51 4.62
-5.65 -12.95 7.31
-7.27 -11.54 4.27
-5.05 -12.04 6.99
-5.00 -12.22 7.22
-5.73 -11.98 6.25
-4.83 -12.10 7.27
-5.42 -13.14 7.72
-6.75 -12.33 5.58
-5.42 -12.47 7.06
-4.83 -11.85 7.02
-5.91 -11.76 5.85
-6.10 -11.74 5.64
-5.33 -12.23 6.90
-5.13 -12.01 6.87
-5.78 -11.76 5.99
-6.06 -11.92 5.85
-5.19 -12.39 7.20
-6.86 -11.36 4.50
-4.92 -12.31 7.39
-6.18 -11.29 5.10
-3.88 -12.51 8.64
-6.59 -12.19 5.59
-5.62 -12.26 6.64
-6.26 -12.39 6.14
-7.38 -11.51 4.13
-5.60 -12.18 6.58
-6.04 -11.64 5.60
-6.26 -11.49 5.23
-7.03 -13.12 6.09
-6.28 -11.54 5.25
-6.23 -11.32 5.09
-4.98 -10.80 5.82
-6.85 -12.10 5.26
-5.60 -13.21 7.61
-6.30 -11.62 5.32
-5.23 -12.00 6.77
-7.25 -11.90 4.65
-6.26 -12.12 5.86
-4.43 -11.19 6.76
0


iter 29
4.04 0.34 3.70
3.23 1.47 1.77
4.01 3.62 0.39
4.59 4.94 -0.35
4.45 5.46 -1.01
4.02 6.39 -2.38
4.10 6.83 -2.72
6.03 7.51 -1.48
4.71 8.51 -3.80
4.54 9.98 -5.44
7.07 9.84 -2.77
4.63 9.78 -5.16
4.55 10.30 -5.75
5.55 10.20 -4.65
7.23 9.30 -2.07
6.96 9.50 -2.54
2.79 8.08 -5.30
3.22 6.85 -3.64
3.55 5.55 -2.00
4.27 4.97 -0.70
3.64 4.92 -1.27
1.97 3.09 -1.12
2.24 2.22 0.02
0.17 1.20 -1.03
-0.11 0.39 -0.50
0.38 1.10 -0.72
-0.95 -0.84 -0.11
-1.09 0.41 -1.50
-0.27 0.20 -0.47
0.66 0.38 0.28
1.12 0.10 1.02
0.57 -0.26 0.84
-0.55 1.31 -1.86
-0.19 0.81 -1.00
-1.39 0.40 -1.80
1.79 -0.61 2.41
0.76 -0.69 1.45
-1.73 -0.38 -1.35
0.21 -0.39 0.60
0.89 -0.04 0.93
0.29 -0.43 0.72
0.85 0.32 0.53
0.53 -0.43 0.96
-1.17 0.93 -2.11
-0.04 -0.40 0.36
-1.10 -1.02 -0.08
-1.26 0.31 -1.57
-1.47 -0.26 -1.22
-0.54 -0.41 -0.13
-1.63 0.94 -2.57
-0.47 1.03 -1.50
0.76 0.17 0.59
0.52 0.47 0.05
-1.88 0.15 -2.02
-1.45 -0.22 -1.23
-2.46 0.20 -2.66
-2.45 -0.18 -2.27
-3.47 -0.57 -2.90
-1.33 0.05 -1.39
-1.18 -1.07 -0.12
-2.96 0.02 -2.98
0.72 0.19 0.53
-1.95 -0.76 -1.19
0.37 0.20 0.17
-1.46 0.56 -2.02
-1.41 0.29 -1.70
-1.01 -0.67 -0.34
0.52 1.31 -0.78
-0.81 0.79 -1.60
-1.92 -0.37 -1.55
-0.18 0.98 -1.16
0.38 0.13 0.25
-0.94 0.41 -1.35
-0.19 -0.81 0.62
0.09 -1.68 1.78
-1.85 -3.27 1.42
-4.51 -4.66 0.15
-2.51 -5.89 3.38
-4.14 -7.23 3.09
-4.09 -8.39 4.30
-4.71 -8.20 3.49
-3.23 -8.22 4.98
-3.88 -8.67 4.79
-2.66 -10.32 7.66
-6.94 -11.64 4.70
-4.19 -10.98 6.79
-5.83 -13.09 7.26
-6.06 -11.41 5.35
-5.64 -11.57 5.93
-4.22 -11.55 7.33
-3.55 -12.54 9.00
-6.67 -11.61 4.94
-4.40 -13.35 8.96
-7.91 -12.01 4.10
-7.15 -11.69 4.54
-5.79 -12.50 6.71
-6.36 -11.90 5.54
-4.96 -11.05 6.09
-3.47 -11.92 8.45
-5.03 -11.16 6.13
-3.94 -11.97 8.03
-5.02 -12.88 7.86
-7.19 -12.24 5.05
-6.29 -12.96 6.67
-6.22 -11.73 5.52
-5.90 -12.41 6.52
-5.23 -11.75 6.52
-4.11 -13.03 8.91
-6.40 -11.84 5.44
-4.49 -12.27 7.78
-5.45 -12.30 6.86
-4.77 -12.67 7.90
-6.83 -13.60 6.78
-6.41 -12.34 5.94
-6.55 -12.05 5.50
-4.98 -12.24 7.26
-5.04 -11.33 6.28
-5.85 -12.49 6.65
-5.78 -12.13 6.35
-7.45 -12.41 4.97
-5.67 -11.92 6.26
-7.23 -12.53 5.30
-4.34 -12.15 7.81
-6.58 -11.94 5.37
-5.58 -13.09 7.51
-6.67 -12.28 5.61
0
average ll 0.0